2600002
2600015
2600016
2600017
2600018
2600021
2600027
2600032
2600055
2600064
2600089
2600102
2600109
2600127
2600129
2600132
2600134
2600136
2600138
2600142
2600143
2600146
2600150
2600159
2600164
2600165
2600169
2600172
2600176
2600185
2600190
2600192
2600194
2600217
2600220
2600224
2600234
2600237
2600243
2600245
2600249
2600252
2600254
2600259
2600264
2600272
2600275
2600276
2600280
2600283
2600289
2600290
2600292
2600294
2600305
2600313
2600321
2600328
2600340
2600352
2600361
2600365
2600369
2600372
2600376
2600394
2600397
2600401
2600417
2600419
2600436
2600437
2600440
2600441
2600442
2600444
2600453
2600462
2600467
2600472
2600485
2600486
2600502
2600503
2600522
2600523
2600531
2600539
2600540
2600550
2600554
2600557
2600558
2600582
2600588
2600591
2600592
2600597
2600598
2600608
2600616
2600623
2600631
2600635
2600641
2600648
2600650
2600652
2600659
2600671
2600674
2600676
2600693
2600702
2600711
2600726
2600729
2600731
2600733
2600734
2600739
2600748
2600755
2600758
2600760
2600761
2600762
2600766
2600776
2600777
2600795
2600810
2600827
2600829
2600834
2600838
2600843
2600846
2600848
2600853
2600855
2600858
2600866
2600868
2600872
2600881
2600882
2600894
2600896
2600899
2600906
2600917
2600927
2600935
2600937
2600941
2600942
2600943
2600949
2600951
2600956
2600960
2600961
2600964
2600966
2600968
2600970
2600981
2600982
2600992
2600994
2600995
2600997
2601006
2601012
2601015
2601018
2601021
2601024
2601029
2601045
2601047
2601048
2601057
2601058
2601060
2601064
2601078
2601090
2601093
2601094
2601105
2601111
2601112
2601114
2601115
2601119
2601140
2601141
2601146
2601154
2601158
2601161
2601173
2601177
2601186
2601187
2601189
2601196
2601205
2601212
2601214
2601222
2601229
2601231
2601232
2601235
2601237
2601245
2601250
2601251
2601258
2601260
2601263
2601274
2601281
2601283
2601287
2601289
2601294
2601300
2601301
2601307
2601312
2601319
2601326
2601327
2601328
2601330
2601331
2601333
2601343
2601344
2601360
2601362
2601373
2601375
2601377
2601378
2601379
2601382
2601384
2601385
2601390
2601391
2601408
2601412
2601415
2601416
2601426
2601428
2601436
2601438
2601445
2601448
2601449
2601453
2601460
2601476
2601479
2601483
2601489
2601506
2601514
2601516
2601517
2601526
2601551
2601558
2601560
2601566
2601572
2601582
2601593
2601599
2601604
2601606
2601611
2601618
2601619
2601620
2601632
2601643
2601646
2601649
2601659
2601664
2601672
2601679
2601685
2601691
2601695
2601707
2601712
2601715
2601725
2601742
2601744
2601747
2601748
2601761
2601772
2601774
2601777
2601782
2601784
2601788
2601798
2601805
2601826
2601834
2601838
2601843
2601850
2601856
2601857
2601864
2601871
2601874
2601882
2601892
2601909
2601915
2601919
2601923
2601936
2601942
2601949
2601965
2601966
2601967
2601971
2601975
2601988
2601989
2602006
2602007
2602011
2602013
2602014
2602016
2602019
2602020
2602022
2602028
2602029
2602030
2602031
2602047
2602054
2602057
2602059
2602074
2602076
2602078
2602083
2602108
2602109
2602115
2602117
2602122
2602133
2602135
2602142
2602145
2602149
2602152
2602164
2602166
2602169
2602174
2602177
2602187
2602188
2602191
2602198
2602199
2602206
2602207
2602208
2602218
2602221
2602229
2602234
2602245
2602249
2602250
2602262
2602263
2602269
2602275
2602282
2602302
2602316
2602318
2602321
2602331
2602339
2602349
2602351
2602359
2602360
2602362
2602370
2602371
2602372
2602374
2602380
2602388
2602394
2602396
2602398
2602399
2602400
2602410
2602411
2602413
2602422
2602427
2602429
2602433
2602434
2602437
2602440
2602447
2602448
2602454
2602458
2602461
2602476
2602480
2602483
2602485
2602489
2602493
2602500
2602507
2602508
2602521
2602527
2602529
2602530
2602535
2602537
2602545
2602553
2602558
2602560
2602563
2602564
2602573
2602583
2602585
2602586
2602591
2602594
2602610
2602612
2602634
2602639
2602641
2602642
2602643
2602654
2602655
2602658
2602667
2602672
2602674
2602679
2602683
2602685
2602688
2602689
2602690
2602694
2602696
2602697
2602701
2602705
2602717
2602720
2602728
2602735
2602738
2602740
2602746
2602748
2602749
2602750
2602754
2602760
2602761
2602775
2602787
2602807
2602808
2602817
2602831
2602856
2602868
2602874
2602877
2602881
2602882
2602886
2602899
2602901
2602909
2602911
2602915
2602922
2602923
2602928
2602930
2602932
2602934
2602935
2602942
2602984
2603000
2603002
2603015
2603023
2603025
2603027
2603031
2603040
2603041
2603053
2603059
2603062
2603065
2603066
2603079
2603080
2603093
2603094
2603102
2603105
2603114
2603130
2603148
2603154
2603158
2603162
2603166
2603169
2603173
2603174
2603178
2603179
2603181
2603191
2603196
2603202
2603203
2603213
2603226
2603232
2603233
2603235
2603237
2603241
2603243
2603246
2603247
2603258
2603261
2603267
2603271
2603272
2603275
2603297
2603300
2603301
2603303
2603312
2603314
2603318
2603322
2603335
2603337
2603342
2603360
2603368
2603372
2603375
2603379
2603380
2603381
2603386
2603392
2603394
2603398
2603404
2603405
2603411
2603423
2603435
2603443
2603445
2603449
2603450
2603460
2603463
2603465
2603471
2603476
2603477
2603478
2603491
2603513
2603514
2603520
2603523
2603524
2603528
2603534
2603538
2603539
2603543
2603546
2603551
2603559
2603572
2603582
2603592
2603606
2603608
2603622
2603624
2603626
2603627
2603633
2603638
2603639
2603642
2603643
2603646
2603647
2603658
2603663
2603664
2603676
2603678
2603682
2603683
2603685
2603689
2603696
2603700
2603713
2603723
2603730
2603740
2603741
2603742
2603747
2603749
2603750
2603754
2603756
2603757
2603767
2603768
2603774
2603775
2603779
2603785
2603788
2603798
2603802
2603809
2603814
2603819
2603827
2603832
2603835
2603847
2603856
2603861
2603869
2603872
2603890
2603901
2603914
2603916
2603917
2603919
2603921
2603928
2603949
2603955
2603959
2603980
2603984
2603989
2603996
2604003
2604008
2604009
2604023
2604025
2604031
2604046
2604057
2604059
2604060
2604062
2604063
2604066
2604070
2604071
2604090
2604097
2604098
2604112
2604123
2604129
2604131
2604133
2604138
2604149
2604150
2604160
2604164
2604173
2604175
2604177
2604192
2604193
2604194
2604196
2604201
2604203
2604205
2604206
2604217
2604225
2604227
2604252
2604260
2604263
2604264
2604265
2604268
2604271
2604283
2604292
2604293
2604298
2604306
2604307
2604319
2604320
2604338
2604339
2604346
2604351
2604352
2604358
2604364
2604368
2604382
2604383
2604392
2604408
2604415
2604430
2604442
2604449
2604453
2604455
2604460
2604462
2604464
2604465
2604473
2604475
2604477
2604482
2604490
2604492
2604497
2604501
2604509
2604511
2604517
2604525
2604529
2604544
2604554
2604566
2604580
2604588
2604593
2604605
2604606
2604607
2604609
2604631
2604633
2604637
2604639
2604642
2604645
2604646
2604652
2604659
2604662
2604663
2604665
2604668
2604669
2604676
2604696
2604699
2604704
2604706
2604710
2604718
2604729
2604734
2604738
2604751
2604757
2604763
2604773
2604781
2604806
2604811
2604814
2604818
2604820
2604824
2604831
2604836
2604845
2604846
2604847
2604850
2604856
2604860
2604861
2604867
2604878
2604887
2612710
2604897
2612713
2612723
2612729
2612735
2612739
2612740
2612741
2612744
2612748
2612753
2604898
2604904
2612756
2604905
2612765
2612768
2604908
2604920
2604928
2612775
2604931
2612788
2612790
2604932
2604937
2612793
2612798
2604938
2612802
2612805
2612811
2604939
2604943
2604947
2604948
2604952
2612812
2604953
2612814
2612825
2612840
2612846
2612855
2612884
2604955
2604960
2604962
2612889
2612891
2612895
2604963
2604971
2612904
2612908
2604973
2612911
2612914
2612919
2612923
2612924
2612927
2612939
2612945
2612952
2612953
2612957
2612962
2612977
2612986
2612989
2612992
2612999
2613008
2613012
2613020
2604976
2613032
2613054
2613069
2613071
2613076
2613080
2613084
2604977
2613087
2613090
2613091
2613093
2613097
2613104
2613105
2613106
2604980
2604992
2604997
2604999
2613112
2613114
2613119
2613121
2613123
2613124
2613134
2613147
2613157
2613161
2605003
2613167
2613171
2605004
2613185
2613188
2613195
2605017
2605034
2605040
2613200
2613210
2605046
2613213
2613219
2613231
2613233
2605052
2613235
2613241
2613243
2613251
2605056
2605060
2613257
2605069
2605073
2605078
2605085
2613258
2613268
2605100
2613273
2605105
2613274
2613275
2613279
2605113
2605122
2613283
2613288
2613291
2613297
2613300
2613307
2613309
2605125
2605144
2605145
2613315
2613320
2613321
2605146
2605147
2605153
2605156
2605168
2605170
2605174
2605178
2613324
2605179
2605190
2613328
2613334
2613340
2605192
2605198
2613341
2613342
2605201
2605204
2605208
2605214
2613344
2613351
2605216
2613353
2613360
2605219
2605221
2613363
2613373
2613380
2613385
2613388
2613394
2605233
2613396
2605235
2613410
2613411
2613412
2605238
2605240
2613415
2605242
2605258
2613420
2605261
2605264
2613429
2613431
2605271
2613436
2613438
2605272
2605273
2613445
2613446
2613447
2613453
2605284
2605287
2605288
2605296
2605298
2605318
2605324
2605328
2613456
2613461
2613465
2613470
2613472
2605345
2613474
2613476
2605347
2613480
2605351
2605357
2605359
2605361
2613487
2613500
2613509
2613516
2605385
2613517
2605386
2605391
2605404
2605407
2605408
2605411
2613524
2605418
2605420
2605426
2605430
2605438
2605439
2605440
2605442
2605453
2605458
2613539
2605472
2605478
2605480
2613559
2613560
2613574
2605492
2613579
2605498
2613581
2605501
2613584
2613592
2605503
2613600
2605507
2613602
2605509
2613606
2605513
2605516
2613608
2605518
2613609
2613610
2605526
2613617
2613627
2613636
2613637
2613639
2605535
2605537
2605544
2613644
2605547
2605548
2605551
2613646
2613651
2605553
2605566
2605571
2605572
2605579
2605580
2605581
2613654
2605593
2605611
2605612
2613656
2613659
2613662
2613666
2613667
2613671
2605628
2605629
2605630
2605634
2605635
2605636
2605642
2605644
2613674
2605646
2605653
2613676
2613681
2613682
2605659
2605669
2613684
2613688
2613697
2613700
2613703
2613709
2613715
2613721
2613724
2605672
2605679
2605682
2613727
2613729
2613731
2605685
2613738
2605687
2605700
2613743
2613745
2613749
2613751
2605702
2605705
2605717
2605725
2613756
2605729
2605741
2605746
2605754
2605762
2605765
2605770
2613757
2613758
2613769
2613771
2613772
2613781
2605778
2613785
2613786
2613810
2613816
2613817
2613819
2613825
2613829
2613833
2613838
2613850
2613874
2605785
2605788
2613882
2605795
2613884
2605796
2613886
2605801
2605804
2605808
2605814
2605815
2613890
2613894
2605819
2605829
2613897
2605833
2605836
2605837
2605848
2605849
2605850
2605852
2605859
2605872
2605893
2605894
2613898
2605895
2605898
2605901
2613899
2605904
2605915
2605921
2605935
2605938
2605939
2605941
2613921
2613926
2613942
2605948
2613957
2605951
2613961
2613966
2605962
2605970
2613973
2613974
2605975
2605976
2613975
2605984
2605993
2606000
2606018
2606023
2613976
2606029
2613978
2613988
2613996
2614004
2614007
2614009
2606036
2606037
2606055
2606057
2606062
2606074
2606078
2614010
2614012
2606079
2606080
2606082
2606086
2614014
2606092
2606095
2606100
2606103
2614020
2606106
2606107
2606108
2606109
2606111
2606117
2606118
2606126
2614026
2614027
2614032
2606127
2614047
2606128
2606130
2614051
2614060
2606141
2606144
2614061
2606146
2606149
2614070
2614071
2614075
2614077
2606160
2606176
2606179
2606191
2614083
2606193
2606196
2614085
2606204
2606205
2606216
2606219
2606222
2606225
2606232
2614093
2606237
2606244
2606246
2606255
2606262
2614098
2614103
2606263
2614114
2606264
2614119
2606268
2606274
2606275
2614122
2606279
2606288
2606293
2614125
2614145
2614147
2606295
2606303
2606311
2606313
2606316
2606322
2606332
2614156
2614167
2606334
2614179
2606341
2614191
2614194
2614203
2614210
2614221
2606349
2606352
2606353
2606355
2614230
2606364
2606367
2606368
2614232
2606374
2606378
2614237
2606381
2606388
2606391
2606397
2614243
2606398
2614245
2606402
2606404
2614258
2606410
2614261
2606411
2614267
2606412
2606448
2606452
2614268
2614273
2614276
2606457
2614279
2614282
2614285
2606458
2606461
2606480
2606482
2614292
2606488
2606490
2614303
2614304
2614308
2614311
2606497
2606498
2606501
2606506
2614314
2606510
2606512
2606515
2606519
2606527
2606528
2614315
2606529
2614316
2614320
2614328
2614330
2614340
2614345
2606540
2606550
2606553
2606560
2614351
2614356
2614361
2614363
2606568
2614367
2614376
2606573
2614383
2606575
2606577
2614386
2614390
2614394
2614400
2606583
2606588
2606593
2614402
2614404
2606596
2606618
2606628
2614414
2606637
2614421
2606639
2606642
2606651
2606654
2614424
2614426
2606655
2614428
2606668
2614431
2606674
2606676
2606678
2614433
2614450
2614453
2614457
2614458
2614464
2614469
2614473
2606685
2614474
2606689
2614489
2606696
2614490
2614504
2606726
2606736
2614519
2606757
2606761
2606762
2606763
2606764
2606769
2606772
2606773
2606774
2606779
2614527
2606793
2614533
2606796
2614536
2614537
2614550
2614551
2614556
2614560
2614562
2614568
2614578
2614582
2614589
2614596
2614603
2614610
2614612
2614613
2614616
2614625
2614627
2614634
2614642
2614649
2614656
2614665
2614680
2614684
2614686
2614688
2614693
2614696
2614700
2614709
2614711
2614713
2614716
2614723
2614728
2614730
2614742
2614745
2614752
2614758
2614763
2614769
2614779
2614787
2614806
2614827
2614836
2614839
2614857
2606799
2606807
2606815
2606816
2606818
2606820
2614862
2614867
2606827
2614879
2614880
2614886
2614891
2614895
2606835
2606849
2606853
2614903
2614905
2606854
2614908
2614911
2606862
2614913
2614916
2614922
2614925
2614928
2614939
2606872
2606879
2606896
2606908
2614948
2606916
2614949
2606917
2606921
2614951
2606925
2606932
2614953
2614969
2614981
2606937
2606946
2606956
2614986
2614987
2606971
2614988
2614989
2606974
2606983
2606989
2614997
2615006
2615012
2615016
2615017
2606990
2615029
2606996
2607005
2615031
2607013
2615035
2607018
2607019
2607028
2607031
2615036
2607035
2615037
2615038
2607039
2607043
2615044
2615046
2607054
2615048
2607068
2607070
2607084
2615056
2607085
2607087
2615058
2615066
2615067
2607099
2607102
2607107
2615076
2607112
2615077
2607116
2607119
2607120
2607128
2607134
2615078
2615082
2607137
2607151
2615089
2607152
2615091
2615097
2615100
2615106
2615118
2615129
2615142
2607155
2615152
2607160
2615154
2615158
2615159
2615161
2615175
2615176
2607171
2615184
2615190
2615191
2607183
2607184
2615192
2615195
2615196
2607186
2607193
2615207
2615209
2607205
2607208
2615218
2607224
2615224
2607225
2607226
2615226
2615235
2615236
2615237
2607235
2615242
2607238
2607239
2607241
2607245
2607248
2607253
2615244
2607256
2607275
2607285
2615247
2607295
2615249
2607296
2615250
2607299
2615277
2615290
2615291
2615298
2615300
2607300
2615317
2615321
2607302
2615328
2615336
2615339
2607305
2615348
2615363
2607308
2607310
2615367
2607311
2615368
2615373
2607315
2615378
2607322
2615382
2607327
2615385
2607338
2615392
2615402
2607342
2607352
2607354
2607358
2615409
2615418
2615431
2615432
2615433
2607365
2615437
2615443
2607368
2607370
2607373
2607379
2607385
2615444
2607387
2615446
2615449
2607392
2615454
2615458
2607396
2607403
2615464
2615465
2615472
2607406
2607409
2615475
2615482
2607415
2607420
2607423
2615486
2615488
2615492
2615493
2615500
2615507
2615510
2607433
2615528
2607443
2607445
2615539
2615548
2607455
2607470
2607472
2607494
2607495
2607497
2607504
2615549
2607508
2607509
2607513
2607526
2607528
2607531
2615552
2615558
2607533
2607543
2615564
2615572
2615573
2615582
2615583
2607548
2615586
2607550
2607558
2615596
2607559
2615599
2607562
2607564
2607571
2615605
2615610
2607573
2615612
2615618
2615620
2615629
2607575
2607579
2607591
2607604
2615630
2607623
2615636
2607628
2615640
2615645
2607635
2615656
2607641
2607642
2615660
2607643
2607659
2607660
2607671
2607672
2607678
2615661
2615663
2607690
2607695
2615678
2607696
2607701
2607702
2607709
2615679
2615681
2615682
2607719
2615683
2607720
2615685
2615704
2615713
2615715
2615722
2615723
2615725
2615728
2607731
2615731
2615733
2615749
2607760
2615756
2615764
2607773
2615797
2615802
2615805
2615807
2607775
2607782
2607791
2607812
2615816
2607815
2615818
2607820
2615819
2607832
2607836
2607840
2607841
2615824
2607843
2607844
2615828
2607846
2607848
2607876
2607880
2607881
2615860
2607892
2607908
2607911
2615875
2607912
2615877
2607914
2607922
2615878
2607932
2607948
2615883
2615886
2607957
2607961
2607964
2607965
2607975
2607981
2607983
2615895
2615903
2615908
2615911
2615912
2615916
2607984
2608006
2615919
2615940
2615946
2608009
2608013
2608024
2615948
2615951
2615953
2608029
2608030
2615971
2615974
2615975
2608034
2608040
2615981
2615986
2615988
2615996
2616003
2608047
2616019
2616023
2608054
2616030
2608064
2616035
2616037
2608066
2608072
2608074
2616039
2616043
2608080
2608082
2608092
2616054
2616060
2616064
2616065
2616077
2608100
2608106
2608114
2608117
2616092
2608139
2608143
2608144
2616093
2608150
2616122
2616124
2608151
2608155
2608156
2608167
2608169
2608176
2608195
2608203
2616127
2608235
2608246
2616134
2608259
2616142
2616143
2616146
2616155
2616165
2616186
2608282
2608284
2608286
2608287
2608292
2608294
2608302
2608308
2608309
2616187
2608320
2608325
2608332
2608350
2608351
2616210
2616215
2608352
2608353
2608355
2616227
2608357
2608361
2616232
2608363
2608367
2608372
2608375
2608378
2608381
2616235
2608383
2608393
2616236
2608404
2608434
2616241
2608448
2608467
2608469
2616243
2616256
2616259
2608473
2608477
2608496
2616260
2616263
2616266
2616269
2616272
2616274
2616277
2608501
2608502
2608503
2608505
2616287
2616291
2616292
2608507
2608515
2616294
2608520
2608524
2616297
2616298
2608527
2616301
2616304
2608528
2608536
2608537
2616306
2616312
2616316
2616317
2608542
2608548
2608549
2616318
2616331
2608552
2616347
2608563
2616352
2608570
2616360
2608571
2608578
2616365
2616369
2608583
2616386
2616388
2616392
2608587
2608592
2616396
2608599
2608600
2608607
2608608
2616401
2608615
2616402
2616403
2616405
2616406
2616407
2616410
2616411
2608618
2616412
2616413
2616415
2608635
2608637
2608642
2608646
2608649
2608666
2608667
2608670
2616417
2608673
2608674
2616427
2616430
2616431
2616435
2616440
2616448
2608675
2608681
2608692
2608713
2608714
2608715
2608718
2608730
2608743
2616470
2608744
2608754
2608761
2608762
2608765
2616474
2616478
2616482
2616485
2616490
2616494
2616513
2616515
2616516
2608766
2616527
2608782
2616542
2616547
2616559
2616560
2616561
2616568
2608784
2616586
2616589
2608786
2616597
2608790
2616607
2608795
2616615
2616625
2608797
2616643
2616668
2608805
2608816
2608818
2608823
2616671
2608826
2608827
2616677
2608832
2616685
2616700
2608833
2616701
2608845
2616702
2608846
2608851
2608854
2616705
2608855
2608858
2616713
2608860
2616722
2608866
2616724
2608870
2608874
2608875
2616740
2616746
2608877
2608879
2616750
2616751
2616760
2616766
2616776
2616778
2616782
2608884
2616785
2616789
2608886
2616793
2616806
2616810
2608903
2608913
2616813
2608917
2616816
2616823
2616830
2608919
2608920
2608924
2608933
2616835
2608934
2608938
2616836
2616837
2616854
2616856
2616868
2616874
2608940
2608946
2616878
2616889
2616899
2616907
2616914
2608951
2616915
2608953
2608957
2616916
2608958
2608964
2616920
2616922
2608972
2608973
2616928
2616932
2616936
2608976
2608978
2608980
2616948
2616951
2608981
2608982
2616958
2616966
2608983
2616972
2608984
2608986
2608988
2616980
2608996
2616982
2616989
2616995
2608997
2616997
2609002
2609005
2617001
2617002
2617030
2617031
2617032
2609014
2617034
2609021
2609027
2609030
2609031
2617039
2617040
2617052
2617060
2617062
2609033
2609036
2609038
2609043
2617068
2609051
2609053
2609068
2609071
2617079
2617084
2617098
2609074
2609081
2609087
2609089
2609091
2609093
2609098
2609103
2617105
2617116
2609107
2609114
2609119
2617117
2609130
2617121
2609133
2609134
2617122
2609159
2609167
2617127
2617128
2617135
2609187
2617143
2609197
2609200
2609207
2609208
2609211
2609213
2609214
2609223
2617170
2617183
2617184
2609234
2609235
2609252
2609265
2609266
2609268
2609271
2617185
2609280
2609285
2609314
2617189
2617222
2609317
2609323
2617224
2609330
2609331
2609332
2617225
2617239
2617241
2617244
2617246
2617251
2617257
2609333
2617259
2609334
2609340
2609341
2609350
2609351
2609356
2617263
2617267
2617274
2617278
2617288
2609360
2609365
2617292
2617304
2617309
2617320
2617330
2609372
2609383
2609393
2609396
2609404
2609406
2609409
2609412
2609415
2609416
2609417
2609422
2617354
2609424
2617358
2609432
2609436
2609438
2609445
2617374
2617384
2617385
2609447
2609453
2617393
2617403
2617404
2609456
2609457
2609461
2617405
2617413
2617419
2617422
2609478
2617430
2609484
2609486
2617432
2617433
2609496
2609506
2609509
2609520
2609531
2609538
2617437
2617441
2617443
2609544
2609546
2609556
2617446
2609563
2617453
2609567
2609571
2609587
2609589
2617463
2609617
2609618
2617466
2617468
2609628
2609630
2609637
2609640
2617482
2617483
2617495
2609649
2609654
2609667
2609670
2617503
2617507
2617522
2617529
2617534
2617535
2617537
2617542
2617543
2617545
2617549
2609677
2609678
2609685
2609688
2617555
2609692
2617557
2609693
2609697
2617572
2609699
2609700
2609706
2609723
2609734
2609736
2609740
2609746
2609756
2609757
2617574
2609759
2609760
2609763
2609768
2609771
2609772
2609773
2617582
2617583
2609783
2617585
2617591
2617594
2617596
2617613
2617614
2617629
2617641
2617650
2617651
2609784
2609787
2617654
2617662
2617663
2617666
2617673
2609788
2617679
2609794
2617684
2617691
2609798
2617696
2609802
2609811
2609832
2609836
2609840
2609841
2609845
2609846
2617709
2609849
2617720
2609851
2609852
2617727
2617741
2617760
2609857
2617767
2617775
2617786
2609867
2617788
2617794
2617802
2617827
2617841
2617842
2609870
2617844
2617862
2617865
2617868
2609871
2609872
2609873
2609876
2609879
2609896
2617870
2609901
2609905
2617873
2609906
2617877
2609907
2617878
2609920
2609927
2609934
2617880
2609940
2609941
2609942
2609945
2609947
2609949
2617894
2609951
2609954
2609960
2609965
2617902
2609968
2617904
2617910
2609972
2609974
2609990
2609995
2610001
2617911
2610008
2617913
2610012
2610018
2610020
2610026
2617918
2617929
2617933
2617943
2610029
2617950
2617956
2617959
2617960
2617967
2617972
2610031
2617987
2610032
2617988
2617989
2617995
2617996
2617997
2617998
2610037
2610040
2618000
2618002
2618005
2618029
2610058
2618034
2618063
2618065
2610073
2610079
2610084
2618067
2610088
2610092
2610098
2618075
2610101
2610105
2610109
2610119
2610124
2610128
2618083
2610133
2610138
2610147
2610150
2618087
2610154
2618090
2618093
2618094
2618095
2610157
2618096
2618102
2610159
2618104
2610165
2610168
2610169
2618114
2618117
2610189
2618124
2610190
2610192
2610193
2610195
2610200
2610202
2610205
2610214
2610219
2618126
2610223
2610230
2618128
2618129
2610243
2610244
2610245
2610249
2610265
2610268
2618135
2610269
2610270
2610271
2610272
2618139
2618141
2610284
2618155
2618156
2618165
2610287
2618167
2610296
2610305
2618168
2618194
2618195
2618199
2610308
2610310
2610314
2610315
2618211
2618214
2610316
2618229
2618234
2618235
2618240
2610318
2618245
2610321
2618263
2618264
2618271
2618285
2610330
2618286
2610331
2610338
2610349
2610350
2610351
2625327
2625328
2618308
2618310
2625338
2625339
2618313
2618314
2618318
2610356
2610373
2625344
2618319
2610379
2625353
2625362
2610390
2618324
2625367
2618326
2618328
2610396
2625369
2610406
2625370
2610410
2618336
2610416
2618341
2618344
2618345
2618348
2625371
2625380
2625381
2625382
2610420
2625392
2625397
2618351
2625400
2625405
2625406
2618354
2625409
2618359
2610423
2618366
2610425
2618367
2625412
2610426
2610430
2610434
2610437
2610445
2610453
2618377
2625415
2610455
2610463
2610466
2618381
2618384
2610469
2610470
2610473
2610493
2610500
2618385
2618387
2610505
2610508
2618393
2618394
2610520
2618397
2610536
2610537
2610538
2610541
2618398
2618400
2618410
2618413
2618416
2618428
2618429
2618433
2610551
2610564
2610566
2618437
2618444
2618445
2610582
2610586
2618449
2618467
2610591
2618473
2610594
2618475
2610602
2618477
2610604
2610608
2610611
2610618
2610628
2610630
2610634
2618484
2618485
2618487
2618491
2610635
2618501
2610637
2610640
2610641
2610642
2610643
2610649
2618503
2610650
2625420
2625424
2625427
2625429
2625430
2618515
2625437
2625441
2625448
2625450
2610660
2618520
2610685
2625453
2610698
2618521
2610706
2610710
2610714
2625457
2625465
2610715
2625468
2610722
2610725
2610732
2625469
2625470
2618537
2618539
2618545
2618546
2610733
2610742
2610745
2625471
2625479
2625487
2625496
2625501
2625502
2618551
2625506
2618552
2610750
2618553
2625508
2625509
2618561
2625513
2618563
2625514
2610757
2625519
2610759
2618565
2610783
2610790
2610799
2618568
2625520
2610802
2610803
2625523
2610804
2610805
2618575
2610806
2618580
2625528
2618581
2618582
2610807
2625539
2610810
2625543
2610818
2625553
2618584
2625555
2610823
2610831
2618594
2610839
2610862
2618598
2610866
2610868
2625559
2610874
2610877
2618610
2625561
2610879
2625564
2610880
2625565
2610882
2618622
2625566
2625568
2610889
2625576
2610893
2610897
2610903
2625581
2610908
2610916
2610924
2625600
2610930
2610933
2625607
2625610
2618624
2625622
2610934
2610939
2610944
2618625
2610949
2618634
2618635
2610950
2625623
2618645
2610955
2625628
2618652
2618658
2618662
2618663
2625631
2625634
2610959
2625639
2618664
2618670
2625648
2618679
2618682
2618683
2610960
2618685
2610968
2618688
2618714
2618724
2625649
2610969
2618730
2625678
2625681
2625684
2625688
2610976
2610980
2611003
2611004
2611005
2625691
2611022
2611029
2625692
2611035
2625702
2625705
2611037
2618731
2611038
2611041
2618738
2625707
2618739
2625715
2625718
2611042
2618749
2625720
2611046
2611049
2611056
2625724
2611061
2625730
2611069
2625733
2611071
2625738
2611074
2625740
2611075
2625742
2611079
2625746
2611081
2625747
2625748
2625751
2618750
2625755
2625759
2625782
2611092
2625784
2611096
2611101
2618752
2625797
2611113
2625805
2611123
2611124
2625809
2618753
2625812
2618759
2618764
2611125
2618767
2618771
2625822
2611135
2611136
2611141
2618780
2618781
2611142
2618792
2611145
2611151
2611153
2618793
2611155
2618811
2625824
2611158
2611160
2618813
2618815
2625831
2625843
2611167
2611168
2625845
2611177
2611179
2611183
2611187
2611198
2625846
2618819
2618825
2611201
2618827
2618847
2625857
2625859
2618851
2625865
2618854
2625866
2625869
2625871
2625873
2611202
2611206
2611210
2611219
2618861
2618866
2611224
2611234
2618879
2625878
2625883
2611240
2611251
2625900
2611253
2611263
2611268
2625913
2625918
2625919
2625922
2611269
2625937
2625938
2618891
2625939
2618893
2618895
2611276
2618896
2625943
2611297
2625947
2611298
2611299
2611309
2625948
2625949
2625950
2625954
2625959
2618901
2618903
2611318
2611332
2611343
2618927
2625962
2611347
2625978
2625979
2611351
2611356
2618943
2625985
2618944
2618947
2626004
2611386
2626006
2626010
2626013
2626017
2626022
2611401
2626023
2626026
2626029
2611411
2611413
2618955
2611414
2611424
2611426
2611433
2611436
2611441
2611445
2626033
2618956
2618957
2626036
2626039
2618960
2618963
2618968
2626047
2626059
2626069
2618983
2626073
2618989
2611449
2611456
2626082
2626084
2626088
2611457
2626089
2626092
2611458
2626093
2626106
2626112
2611467
2611468
2618990
2611470
2626119
2611473
2611475
2618997
2618999
2619005
2619008
2619013
2611479
2611492
2626121
2626125
2626127
2611494
2611502
2619021
2619026
2626134
2619027
2611506
2611510
2619032
2619033
2626138
2619034
2626147
2611525
2619035
2611526
2619039
2619043
2619050
2619065
2619066
2611527
2626149
2626153
2626154
2626165
2626169
2626175
2619074
2626179
2611530
2626181
2626186
2626191
2611534
2626195
2611539
2611555
2611556
2611560
2611569
2611576
2611583
2626197
2611584
2626200
2619077
2626201
2626208
2626212
2626214
2626216
2619082
2611587
2619089
2611598
2611602
2619092
2619099
2626219
2619104
2619107
2619110
2619114
2611606
2611615
2611621
2611623
2626223
2611627
2626232
2611629
2611652
2611655
2611662
2626235
2619115
2626247
2619123
2619126
2626253
2619136
2626257
2611663
2619138
2626260
2619139
2626265
2611665
2626266
2626269
2626273
2619140
2626274
2611666
2626276
2619141
2619148
2626277
2626280
2626294
2626295
2619149
2626300
2619157
2611670
2626307
2626309
2611671
2626311
2619158
2626312
2619160
2619168
2619174
2626313
2619176
2611681
2619177
2619187
2611685
2626335
2611697
2619189
2619198
2611698
2619201
2619202
2619205
2619207
2619208
2611699
2619213
2619226
2619228
2611714
2611719
2611730
2619235
2619241
2619243
2611742
2619244
2611748
2611749
2611750
2619252
2611751
2611758
2619254
2611761
2619260
2619271
2619276
2619278
2619279
2619285
2619286
2626336
2626339
2626341
2626347
2619290
2619295
2619303
2619305
2619309
2619312
2626356
2626357
2611773
2611778
2626376
2611780
2626381
2626390
2626393
2626399
2626400
2619313
2619323
2626402
2619327
2626413
2626416
2619329
2626418
2611783
2626421
2626423
2626427
2611784
2626428
2626431
2611785
2626442
2626443
2611787
2611788
2611789
2611792
2611797
2626453
2626455
2619337
2611810
2626461
2626464
2619340
2626465
2619349
2626471
2626472
2611811
2611818
2611823
2611827
2611829
2626475
2611831
2626476
2626477
2619357
2619359
2611833
2626486
2626493
2611835
2619363
2611836
2619365
2626494
2626500
2626501
2619369
2626502
2611837
2611838
2626505
2611842
2611864
2611867
2611871
2611872
2611873
2611874
2611877
2619372
2619375
2611883
2619378
2611885
2619382
2626507
2619392
2611888
2611890
2619393
2619396
2619398
2611893
2619402
2611897
2626521
2611898
2626523
2619408
2619409
2611904
2626527
2611905
2626529
2619413
2611915
2626554
2619414
2611918
2619418
2611920
2626555
2611921
2626557
2626563
2626564
2626568
2626573
2619426
2619448
2619455
2611922
2619460
2619463
2619469
2626578
2626583
2626592
2619473
2619486
2626595
2626596
2626597
2619493
2626614
2626616
2611933
2611940
2611941
2611944
2626618
2626619
2626621
2619505
2611947
2619509
2619512
2626623
2626625
2619514
2626627
2626636
2626654
2626658
2611954
2626667
2611962
2611979
2619515
2619519
2619530
2611980
2619541
2619557
2611981
2619575
2619586
2611983
2619587
2626675
2611991
2626688
2619593
2619606
2619625
2612013
2619640
2626689
2619642
2619643
2619645
2619658
2619663
2626690
2619664
2619665
2612016
2619668
2612018
2619676
2612020
2619688
2626694
2626699
2619691
2619693
2619698
2612043
2619712
2612044
2626701
2612060
2612063
2612067
2626704
2626709
2626710
2626711
2626713
2626714
2626717
2612079
2626731
2626734
2626737
2619718
2626739
2626748
2626750
2619734
2612083
2626755
2612084
2619740
2626760
2626765
2619753
2626774
2626776
2626785
2626786
2626794
2612086
2626807
2612088
2619756
2612096
2619761
2619767
2626808
2612097
2612100
2619776
2626811
2612101
2619777
2619778
2626818
2619780
2626819
2626823
2626831
2626834
2626838
2619785
2626855
2626856
2626865
2626868
2612104
2619792
2612107
2612109
2619800
2626869
2626874
2612111
2612115
2619809
2619811
2612123
2626875
2612133
2626880
2612134
2612136
2612139
2612141
2612149
2619814
2619816
2612156
2612162
2612165
2612167
2626881
2626885
2619823
2619829
2619841
2619850
2619856
2626891
2619860
2612172
2619864
2612173
2612174
2619865
2626913
2619870
2626914
2626915
2619874
2612179
2612184
2619875
2619882
2612187
2626921
2626929
2626943
2612192
2612195
2619883
2626944
2626946
2619886
2612205
2612209
2612214
2619901
2612215
2612228
2619913
2612235
2612243
2612246
2612248
2626947
2612258
2626958
2626961
2612259
2612264
2612266
2626974
2612267
2619914
2619917
2619945
2619950
2612268
2612283
2626975
2626986
2612288
2612289
2612295
2612298
2612302
2619959
2619960
2612303
2619963
2619969
2626987
2626992
2626993
2626995
2627000
2612306
2619972
2627008
2612319
2612322
2619988
2619991
2627034
2620000
2627037
2627042
2627049
2620023
2620030
2620032
2620033
2620042
2627051
2627055
2612324
2620043
2627083
2612327
2612331
2612336
2620046
2612340
2620050
2620051
2612341
2627087
2620052
2612343
2620053
2620054
2627095
2612348
2627112
2620056
2620072
2612356
2620073
2612357
2620080
2620085
2620087
2612364
2612376
2612388
2612389
2612393
2612399
2620096
2620103
2627113
2627115
2620105
2620106
2612400
2627118
2612406
2612427
2627121
2620107
2620111
2612432
2620116
2620122
2620131
2620138
2620143
2620144
2620146
2627128
2620148
2612435
2620151
2627141
2627143
2612437
2612439
2612440
2620157
2627144
2627145
2627148
2627154
2627160
2627163
2612449
2627165
2627181
2612453
2627184
2627188
2620163
2620167
2612457
2612465
2612467
2612469
2612470
2612472
2612475
2612476
2612477
2620169
2620170
2620172
2620176
2612478
2620178
2620187
2612481
2620189
2612483
2612499
2612518
2612525
2620193
2627190
2627196
2627206
2627211
2612545
2627212
2627216
2612553
2627220
2627230
2627231
2620194
2627234
2627238
2620205
2612555
2620206
2627243
2612564
2627248
2627249
2620210
2620220
2612572
2620226
2612579
2627250
2612585
2620227
2620242
2620271
2612589
2612590
2627259
2612596
2612614
2627262
2612617
2620277
2620287
2612624
2620294
2612629
2620300
2612630
2612642
2620305
2612648
2612650
2620307
2627263
2620309
2620311
2627264
2627266
2612656
2612657
2627267
2620316
2627268
2627275
2627280
2627286
2620317
2627296
2612664
2627300
2612671
2627305
2612672
2612674
2620321
2620325
2612683
2620326
2612684
2620331
2620341
2620346
2620349
2627312
2627313
2627326
2620356
2612692
2612695
2612700
2620360
2627327
2627331
2627340
2620378
2620395
2627352
2620400
2627353
2627357
2627360
2620402
2620408
2620409
2620416
2620419
2627364
2620439
2620440
2620442
2620453
2620455
2620482
2620483
2620485
2620487
2620491
2620494
2620500
2620507
2620511
2620516
2620523
2620529
2627366
2620531
2620540
2627369
2627372
2620545
2620546
2620552
2627393
2620555
2620556
2620563
2620565
2620568
2620577
2627394
2620584
2620585
2627411
2627415
2627417
2627418
2627420
2620590
2620591
2627432
2627434
2627440
2620595
2620601
2627449
2620610
2620613
2620616
2620617
2627451
2620618
2627452
2620632
2627461
2627464
2620636
2627476
2620639
2627478
2620646
2620649
2627483
2627484
2620651
2627490
2627502
2627506
2620652
2620659
2620660
2620664
2620671
2620679
2627515
2620682
2620683
2627516
2627520
2620684
2627523
2620686
2627526
2627536
2627539
2627543
2620687
2620692
2627557
2620694
2627562
2620700
2627563
2620703
2620721
2620726
2620736
2620752
2620756
2620757
2627567
2627568
2620763
2620764
2620768
2620775
2627573
2627581
2627586
2627590
2620782
2627591
2627593
2620792
2627597
2620793
2627602
2627608
2627620
2627622
2620794
2620798
2627623
2620807
2620808
2620809
2627629
2620812
2627636
2620813
2627645
2620816
2620817
2627653
2620818
2620828
2627656
2620829
2627662
2620844
2620850
2627674
2627679
2620856
2627702
2627703
2627705
2627712
2627720
2627731
2627733
2627737
2627738
2627741
2627747
2620858
2627752
2620860
2627756
2620861
2627759
2620869
2620870
2620872
2620885
2627761
2627762
2620887
2620944
2620947
2620964
2620966
2627765
2620967
2627768
2620974
2620980
2627770
2627782
2627783
2620981
2620992
2620993
2627791
2621013
2627797
2621015
2621026
2621029
2621040
2621041
2621043
2621044
2621051
2621062
2621069
2621070
2627800
2627810
2627814
2627815
2627816
2627825
2627826
2627827
2627828
2627829
2621071
2621076
2621082
2627834
2621088
2627838
2621093
2621107
2621108
2621115
2627850
2621117
2627855
2621119
2627856
2627880
2621126
2627882
2627892
2621129
2621137
2621138
2621140
2621141
2627893
2627895
2627898
2621145
2627903
2627906
2627916
2627922
2627926
2627934
2621147
2627936
2627937
2621148
2627947
2627955
2627972
2627984
2627997
2628002
2621150
2628003
2621158
2621160
2621169
2628010
2621171
2621191
2621196
2621200
2628018
2628028
2628029
2628033
2628050
2628053
2628064
2628066
2628067
2628072
2628076
2628081
2628085
2621201
2628094
2628112
2628114
2628115
2621205
2621208
2628118
2628119
2621215
2621222
2628123
2628133
2628134
2628135
2628143
2628144
2621229
2621231
2621234
2628147
2628149
2628152
2621236
2628157
2628175
2628176
2621238
2621249
2628179
2628190
2628192
2628196
2628198
2628199
2628201
2628205
2621253
2621254
2621263
2621268
2628206
2628210
2621269
2621273
2621286
2628220
2621293
2621294
2621310
2621311
2621312
2621330
2621334
2621352
2628225
2628234
2628241
2628248
2628250
2621354
2621355
2628253
2628254
2621360
2628258
2628262
2628264
2628265
2628274
2621361
2621365
2628278
2621367
2621374
2621380
2628290
2628291
2628299
2628305
2628320
2621381
2621383
2621384
2628322
2628324
2628329
2621405
2621408
2628335
2628338
2628339
2628348
2628352
2628355
2621409
2621412
2621418
2621424
2621426
2628370
2621432
2628372
2628374
2628375
2621437
2628379
2628386
2628390
2621442
2628396
2621443
2621451
2621458
2621466
2621469
2621480
2621481
2628398
2628400
2621491
2621492
2628402
2621497
2628407
2621504
2628415
2621506
2621508
2628417
2628426
2628427
2628428
2621510
2628430
2628439
2628441
2621520
2628447
2628449
2628451
2621524
2621529
2621543
2621549
2621553
2621560
2621570
2628462
2628467
2628470
2628475
2621578
2628488
2628498
2628501
2628504
2621581
2628507
2621587
2621600
2621609
2628512
2621611
2621615
2621623
2628517
2621635
2621637
2621643
2628520
2628526
2628528
2628537
2628545
2628549
2628550
2628553
2621645
2628558
2628562
2621647
2621660
2621671
2621672
2621694
2621700
2621702
2621703
2628569
2621705
2621707
2621708
2628570
2621714
2621730
2621736
2621738
2628573
2628577
2628588
2621759
2621763
2621770
2628604
2628608
2628609
2628617
2628621
2628622
2621771
2628623
2621772
2628628
2621782
2628631
2628639
2621789
2621796
2621804
2621805
2621810
2621815
2621818
2621825
2628647
2628648
2628649
2628651
2628653
2621826
2621834
2621836
2628662
2621840
2628665
2628674
2628681
2628704
2628705
2621846
2621851
2628706
2628708
2628722
2628737
2621862
2621869
2621875
2621877
2628749
2621882
2628762
2621884
2621886
2621891
2621908
2621909
2621910
2621913
2621918
2621940
2621945
2628763
2628771
2628773
2628775
2628776
2628777
2628778
2628784
2628788
2621962
2621967
2628793
2628794
2621969
2628801
2628805
2621981
2628820
2621993
2621998
2622000
2622007
2628826
2622008
2622009
2622011
2622014
2622020
2622022
2622025
2622033
2622037
2628834
2628836
2628840
2628842
2628854
2628857
2628858
2622042
2622045
2622051
2628863
2622058
2622059
2622066
2622068
2628869
2628873
2628876
2628877
2628887
2628899
2628903
2622076
2622077
2628905
2622079
2628907
2628910
2628920
2622083
2628928
2622090
2628935
2628938
2628940
2622096
2622097
2628943
2628944
2628946
2628951
2628953
2628954
2628965
2628970
2628971
2628976
2628977
2628988
2622098
2622107
2622110
2622114
2622116
2622118
2629002
2629003
2622125
2629013
2629022
2629027
2629028
2629032
2629035
2622129
2629036
2622131
2629040
2629047
2622133
2629051
2629055
2629056
2629066
2622138
2629069
2629076
2622141
2622148
2622150
2629083
2622152
2629087
2622154
2622157
2622179
2629092
2629097
2622183
2622191
2622194
2629105
2629109
2629113
2622195
2622197
2622198
2622201
2622204
2622206
2622221
2622222
2622223
2629127
2629138
2629146
2629148
2622229
2629158
2622230
2622231
2622238
2629166
2629172
2622241
2622242
2622246
2629176
2622247
2622252
2622255
2622258
2622262
2622271
2629184
2629190
2622281
2629191
2622282
2622284
2622288
2622289
2622310
2622314
2622315
2622317
2622319
2622322
2622338
2622349
2629195
2622351
2622356
2622365
2622380
2622383
2622389
2629200
2622390
2622392
2622403
2629205
2629210
2629216
2629217
2629218
2629226
2622405
2629234
2629239
2629245
2622406
2622408
2622415
2629246
2622423
2622433
2622441
2629271
2622453
2622456
2629273
2629275
2622463
2629277
2622469
2622484
2629280
2629283
2629287
2629290
2622491
2629292
2629300
2622498
2629314
2629317
2622499
2622500
2622507
2622508
2629326
2629333
2629338
2629345
2622511
2622519
2629352
2629355
2622538
2629359
2622544
2622546
2622555
2622560
2622569
2622582
2629365
2629374
2629378
2629385
2622584
2622586
2622587
2622588
2629391
2629400
2629402
2629405
2629429
2622596
2622605
2629435
2629447
2622616
2629452
2622619
2629453
2622621
2629456
2622624
2622629
2622630
2622634
2622638
2629459
2629467
2629477
2629487
2622649
2629490
2629493
2622657
2622659
2622673
2622684
2622688
2629495
2629502
2629509
2622691
2629520
2622693
2629521
2629531
2622694
2622695
2629532
2629536
2622697
2629545
2622708
2629548
2629549
2622718
2622719
2629551
2622721
2629585
2629588
2629591
2622724
2622725
2629595
2622738
2622741
2622755
2622756
2622760
2622762
2622763
2622766
2622767
2622770
2622772
2622783
2622786
2622787
2622795
2622799
2622802
2622807
2629599
2629611
2629612
2629613
2629617
2622809
2622818
2629623
2622820
2622822
2629624
2629637
2629654
2629658
2622824
2622832
2622835
2622838
2629660
2629662
2629675
2629684
2629689
2622843
2622850
2629697
2622853
2622860
2629701
2629717
2622866
2629721
2629731
2629738
2622874
2622878
2629740
2622882
2622896
2622899
2629741
2629742
2629748
2629752
2629761
2629763
2622904
2622906
2622910
2622916
2622930
2629765
2622931
2629767
2629774
2622941
2629779
2629782
2629789
2629798
2622942
2622943
2629799
2629805
2622944
2629811
2629812
2622948
2622949
2622950
2629818
2622958
2629833
2629834
2629838
2629846
2629850
2622962
2622967
2629860
2629877
2622971
2622986
2622994
2629921
2629924
2629926
2622997
2629928
2623009
2629935
2629937
2629940
2623012
2629941
2629945
2623020
2623032
2629961
2629966
2629968
2629972
2623036
2623047
2623079
2629977
2629990
2629991
2623095
2623104
2629993
2629994
2623111
2623119
2629996
2623120
2629999
2630004
2623122
2630009
2630011
2623125
2630022
2630032
2630033
2630034
2623128
2623132
2630035
2623133
2623142
2630038
2623169
2623172
2623174
2623180
2623188
2623195
2623196
2630040
2623202
2623212
2623218
2630042
2623235
2623236
2623249
2623255
2630046
2630047
2630055
2623259
2623261
2623268
2623275
2630072
2623281
2623289
2623291
2630082
2630085
2630092
2630093
2623303
2623318
2623325
2630094
2630097
2630104
2630106
2623331
2623346
2623364
2623366
2630107
2623374
2623391
2623392
2623395
2630117
2630127
2630129
2623411
2623412
2623418
2623424
2623432
2630145
2630148
2630156
2623434
2630158
2630164
2623446
2623459
2623460
2630167
2630169
2630187
2623472
2623481
2623489
2623496
2630190
2630193
2630198
2623506
2630204
2630209
2623517
2630216
2630218
2630219
2630226
2630232
2630235
2623538
2630236
2623557
2623559
2623561
2630241
2630245
2630248
2623563
2630254
2623568
2623575
2623576
2630255
2623583
2623595
2623598
2630257
2623600
2630266
2623601
2630282
2623603
2623605
2623608
2630286
2623609
2623610
2630287
2630288
2630289
2623612
2630295
2636989
2636997
2630313
2630334
2630335
2623618
2630336
2636999
2623626
2623630
2623640
2623651
2637010
2623660
2623677
2623687
2637018
2637022
2637025
2637028
2623690
2623691
2637042
2637043
2637051
2637056
2623694
2623695
2637060
2623702
2623704
2623717
2637069
2637073
2623729
2623731
2637077
2623737
2623739
2637080
2630337
2623742
2630338
2630340
2637085
2623743
2630344
2630361
2630371
2623746
2630375
2623747
2637098
2637117
2630377
2623753
2630385
2630386
2623758
2630391
2637118
2630397
2630398
2637124
2630408
2637132
2637135
2637136
2637139
2637142
2637149
2630412
2630424
2630431
2637161
2630434
2623764
2623766
2630454
2623776
2630457
2630465
2623784
2630468
2637169
2637170
2637171
2637180
2623797
2623810
2623823
2630478
2623829
2623835
2623837
2623838
2630485
2623844
2623847
2630492
2637187
2630493
2630494
2630501
2630513
2637191
2637195
2637209
2637216
2637218
2630515
2630519
2630524
2637221
2637227
2630534
2630549
2637231
2623852
2630555
2630570
2623859
2623860
2630571
2630573
2630589
2623863
2623864
2637236
2630597
2623870
2630599
2630600
2630620
2630628
2623871
2637241
2623876
2623878
2623893
2630643
2637248
2630645
2630650
2623895
2630652
2630658
2630662
2630668
2623903
2637251
2623909
2623912
2637255
2637257
2630671
2630673
2637264
2630674
2637269
2637277
2623918
2630683
2637278
2637282
2623923
2630686
2637283
2637284
2637286
2630696
2630707
2630712
2623929
2637295
2630717
2637307
2623933
2623937
2623948
2623956
2637327
2623960
2623961
2630722
2623969
2623976
2623978
2623981
2630729
2630730
2637328
2630743
2623982
2630749
2637332
2630751
2623985
2623995
2637338
2624001
2624006
2637339
2624007
2624009
2637359
2630756
2637370
2637373
2637379
2637381
2630759
2624012
2624020
2630764
2637383
2624029
2624036
2624039
2630767
2630768
2624041
2624061
2637384
2630773
2624064
2624067
2624071
2624080
2637388
2637392
2624081
2630774
2637393
2637396
2637401
2630781
2637406
2637415
2624088
2624099
2624107
2637419
2630793
2637421
2637432
2637447
2637452
2624111
2637460
2624116
2624122
2637476
2637480
2630797
2630799
2637483
2637484
2637498
2630802
2637500
2624124
2630807
2637503
2630808
2637504
2637519
2637521
2637523
2637524
2630820
2624128
2624142
2624149
2624151
2637527
2637537
2637544
2630827
2630828
2624154
2630831
2637546
2637550
2637555
2637556
2630834
2630836
2637559
2630847
2637560
2630848
2630849
2637566
2637575
2637578
2624159
2624173
2637583
2624176
2637587
2637588
2630854
2630861
2630867
2624179
2637596
2637602
2624180
2624181
2637612
2637616
2637620
2630871
2637624
2630875
2637627
2630876
2630887
2624184
2637629
2637631
2624189
2637635
2637639
2624195
2624200
2630890
2624211
2624215
2637642
2630895
2637644
2624219
2630903
2624226
2624227
2637652
2637674
2630904
2637675
2637677
2637678
2630910
2637699
2624231
2637702
2630920
2637716
2637723
2637735
2637736
2637743
2637746
2630923
2637748
2637751
2637754
2630933
2624234
2630945
2624238
2624239
2630954
2624243
2624246
2624264
2624265
2624277
2624281
2624283
2630958
2624292
2624305
2624306
2630960
2624309
2624310
2630962
2624318
2624323
2637755
2630964
2624325
2624327
2630966
2624328
2624344
2624352
2630970
2630972
2624353
2624360
2624371
2624387
2624388
2630979
2630980
2637760
2630990
2624392
2630996
2631006
2624403
2624406
2624414
2637765
2624431
2624435
2637773
2624437
2637774
2624454
2624458
2624467
2624468
2624471
2637775
2637777
2631011
2624473
2631018
2637780
2631020
2631035
2637783
2637793
2631038
2637801
2631040
2631052
2637803
2637804
2637820
2637830
2631054
2624474
2631056
2631058
2624475
2637831
2631060
2624477
2631062
2631070
2631073
2624480
2624483
2631082
2631086
2637832
2624493
2637836
2624494
2637841
2624498
2637849
2624506
2631094
2637851
2624511
2631098
2637855
2637865
2624513
2637877
2624519
2631102
2631120
2624530
2637879
2631129
2631157
2631174
2624537
2624541
2631181
2631187
2624542
2631192
2631200
2631201
2624545
2624547
2631202
2631203
2624550
2631205
2624555
2631209
2637886
2637892
2631211
2624564
2631222
2631224
2637897
2624571
2624576
2624579
2637905
2637917
2637923
2637925
2637928
2631240
2624590
2624595
2637930
2624597
2631246
2631249
2624603
2631256
2624614
2631260
2637932
2631261
2631263
2624624
2624632
2624634
2624638
2631265
2624640
2624646
2631268
2637948
2631277
2624647
2637954
2624651
2637955
2624655
2637956
2637958
2637960
2624660
2624663
2624679
2631281
2637964
2624687
2637969
2637970
2637972
2624689
2624699
2624704
2624713
2624723
2624733
2631284
2624734
2624743
2631285
2637974
2631286
2631293
2624757
2624761
2624768
2631296
2637976
2624769
2624781
2624783
2631313
2624804
2631320
2637979
2631325
2637986
2637996
2624805
2624808
2624816
2637997
2631334
2624823
2624826
2624837
2624842
2631339
2638005
2624849
2624851
2631340
2631351
2638010
2631367
2624861
2631370
2624863
2624865
2631373
2631382
2631393
2624869
2631408
2624875
2631410
2631419
2638015
2638026
2624879
2624886
2624896
2631426
2631433
2631439
2631443
2638032
2638045
2638049
2638054
2631454
2638061
2638070
2631463
2638072
2638077
2638089
2638095
2638096
2638102
2624910
2638104
2624915
2631472
2624917
2631474
2638107
2624925
2638110
2631477
2624938
2638111
2638114
2624941
2624944
2631480
2638116
2631495
2638132
2631515
2624945
2624946
2624952
2624965
2631519
2624983
2624988
2638144
2624989
2624990
2638154
2631526
2638156
2631529
2638158
2638166
2625005
2625019
2638174
2625028
2625030
2631531
2625036
2625038
2631538
2625041
2625047
2638183
2638189
2638198
2631546
2638212
2638218
2625058
2625059
2625060
2631551
2631559
2638223
2638230
2638234
2625065
2625069
2638245
2625071
2625077
2638246
2638250
2625079
2631565
2625080
2625096
2638255
2638259
2631570
2625100
2631582
2625101
2625108
2638262
2638263
2638264
2625109
2638267
2625121
2638280
2625136
2625145
2638285
2625146
2625147
2631584
2638288
2625150
2638292
2625156
2631585
2638301
2638315
2638319
2638327
2631589
2638328
2638329
2631594
2631600
2638336
2625158
2625167
2631602
2631604
2625168
2625170
2625181
2625197
2625199
2638341
2625219
2625235
2625236
2638348
2638352
2638353
2638356
2631605
2631612
2638364
2625242
2638366
2638384
2631614
2638388
2631626
2631640
2631641
2631645
2631648
2625253
2638390
2638401
2625255
2638411
2625256
2638422
2625257
2638445
2638461
2638462
2638465
2625260
2638470
2631649
2631650
2625262
2625267
2638481
2638490
2638498
2625268
2638499
2625278
2625284
2625291
2631658
2638505
2625295
2638523
2625300
2625303
2631660
2638524
2631662
2638532
2638533
2631668
2631670
2638539
2631671
2631672
2625306
2625321
2638560
2638561
2638562
2638564
2638571
2631679
2631680
2631681
2631685
2631687
2631690
2638572
2631693
2638578
2631695
2631700
2631704
2631713
2631716
2638586
2631717
2631718
2638587
2638596
2631725
2631726
2638599
2631730
2631735
2631740
2631744
2631751
2631754
2631755
2631756
2631760
2631764
2638601
2631784
2631786
2638603
2638607
2638617
2638628
2631788
2638632
2638637
2638639
2631791
2638649
2631793
2638660
2638666
2638675
2638678
2638682
2631796
2638691
2638694
2638707
2638719
2638724
2638732
2631815
2638739
2638740
2631821
2631824
2631827
2631834
2631840
2631847
2631848
2638748
2631849
2631852
2638753
2638760
2638761
2631853
2631862
2631880
2631885
2638766
2638783
2638784
2638790
2638795
2631892
2638805
2631905
2631906
2631907
2638811
2631908
2631911
2631915
2631921
2631929
2631930
2638818
2638825
2631932
2638828
2631942
2638846
2631947
2631949
2638852
2638853
2638855
2638856
2638867
2631950
2638869
2638889
2631955
2631960
2631963
2631970
2638895
2638897
2638899
2631978
2631982
2638901
2638902
2638905
2631986
2638913
2631991
2631993
2631996
2632001
2638916
2638931
2638940
2632005
2632008
2638945
2638946
2638959
2638962
2638966
2632019
2638967
2638969
2632030
2632057
2632060
2632064
2632065
2632070
2638972
2632079
2638987
2638995
2639013
2639016
2639020
2632094
2639023
2632101
2632103
2639024
2632109
2639026
2632116
2632117
2639030
2639032
2639034
2632139
2632141
2632143
2639043
2639053
2639063
2632150
2639067
2639087
2632151
2632155
2639089
2632157
2639096
2639099
2632159
2632167
2639105
2632173
2639109
2632176
2632181
2632182
2632187
2632194
2632199
2639115
2639116
2639121
2632205
2639123
2632207
2632208
2632219
2632226
2632227
2639129
2632231
2632244
2632251
2639138
2639141
2639157
2639181
2639196
2639211
2639212
2632253
2632260
2639215
2632265
2632267
2632269
2632273
2632274
2639221
2639232
2639238
2632279
2632285
2632291
2632295
2632303
2632313
2639252
2639259
2632317
2639268
2639269
2639275
2639279
2632322
2632327
2632329
2639280
2639309
2632330
2639312
2639321
2632331
2632332
2632339
2639325
2639332
2632341
2639337
2639339
2639345
2639353
2639355
2639356
2639369
2639372
2632347
2632350
2632356
2632360
2632361
2632365
2639376
2639380
2639381
2639383
2639387
2632371
2639388
2639398
2639401
2639407
2639410
2632376
2639411
2639422
2639424
2639426
2639430
2639435
2639436
2639437
2639438
2632377
2632380
2639445
2632382
2632404
2639455
2632405
2639457
2632424
2639459
2639466
2639472
2639480
2632429
2639487
2632434
2639488
2639491
2639500
2639511
2639521
2639538
2639548
2632436
2639549
2639560
2639566
2639578
2632437
2632444
2639579
2632446
2632459
2632461
2632466
2639583
2639586
2639589
2639595
2639602
2632468
2632475
2632477
2632483
2632485
2632493
2632501
2632511
2632514
2632516
2639603
2632523
2639605
2632525
2632531
2639606
2632546
2639618
2639621
2639624
2632548
2632560
2639627
2639638
2632567
2632571
2632574
2639642
2639645
2632579
2632581
2632591
2639648
2639652
2639657
2639663
2632596
2632598
2639665
2632607
2632621
2639666
2632622
2639673
2632625
2639676
2632643
2632645
2632648
2632651
2639681
2639683
2632653
2632654
2639686
2639687
2632664
2639694
2639697
2632671
2639700
2632674
2632685
2632688
2632697
2639726
2632701
2632704
2632705
2632707
2632710
2639728
2639731
2639734
2632713
2632718
2639742
2639743
2639748
2639749
2639751
2639766
2639770
2632722
2639771
2632744
2632753
2632755
2632756
2632760
2632787
2632797
2639772
2639779
2632806
2639780
2632812
2639787
2632818
2632826
2639788
2632835
2632837
2632840
2632845
2639791
2639795
2639800
2632850
2639803
2639806
2639808
2639809
2639813
2632854
2632858
2639831
2639832
2639840
2639855
2639858
2639863
2639865
2639872
2639873
2632868
2639876
2632872
2639881
2639893
2632882
2639922
2632884
2639929
2632888
2632890
2632901
2639932
2632909
2639935
2639937
2639939
2639948
2639954
2632910
2639960
2639973
2632925
2632943
2632946
2639982
2639983
2639985
2632949
2639990
2639996
2632956
2632964
2639999
2632967
2632973
2632975
2632982
2632988
2640009
2640011
2640013
2640019
2640023
2640025
2632990
2640041
2632992
2632998
2633003
2640042
2640057
2633011
2640059
2633013
2640070
2640077
2640078
2640085
2640086
2633019
2633025
2633033
2633035
2633038
2640087
2640092
2640096
2640099
2640100
2640108
2633061
2640109
2640113
2640129
2633064
2633069
2633071
2640133
2640134
2640143
2640148
2633083
2633089
2633090
2640150
2640151
2640155
2640158
2640165
2640171
2640173
2640176
2633092
2640194
2633095
2640196
2633097
2633100
2633106
2633114
2633122
2633127
2633135
2633142
2633147
2633149
2640203
2640207
2633152
2633153
2633160
2633168
2633173
2633187
2633197
2633200
2640210
2640211
2640223
2633208
2633210
2640230
2640231
2633219
2640238
2640239
2633226
2633231
2640249
2640256
2633243
2640260
2633246
2633251
2633254
2633257
2633258
2633264
2633266
2640264
2640269
2640273
2633274
2633277
2633281
2633288
2633293
2633294
2633303
2633306
2633307
2633313
2640278
2640287
2640292
2640293
2640297
2640300
2640301
2640325
2640335
2640339
2640340
2640342
2640350
2633320
2640355
2640357
2633322
2633323
2640363
2640376
2640382
2633329
2633332
2640387
2633333
2640394
2640397
2633337
2633345
2640398
2640400
2640401
2640403
2640412
2640419
2640431
2640434
2640451
2640454
2640471
2633357
2633363
2633368
2633371
2640473
2640484
2640494
2640498
2640501
2640504
2640514
2640519
2640524
2640527
2640529
2640532
2640542
2633375
2633384
2633388
2633394
2640547
2633404
2633413
2633414
2633421
2633428
2633434
2633437
2633441
2633443
2633447
2633454
2633459
2640550
2640568
2640581
2640600
2633465
2633478
2640608
2640614
2633479
2640619
2640622
2640623
2640626
2640631
2640636
2640644
2633486
2640647
2640650
2640651
2640654
2633487
2633489
2633504
2633505
2633509
2633514
2633521
2633526
2640656
2640666
2640678
2640680
2633543
2640681
2640683
2640692
2640699
2640707
2640714
2640718
2640719
2640724
2640725
2640727
2640732
2640734
2640743
2640749
2640750
2640753
2633545
2640757
2640759
2633546
2633547
2633550
2633551
2633552
2633559
2633561
2633562
2633576
2633585
2633588
2633589
2633593
2633606
2640760
2640777
2633614
2640780
2633618
2633628
2633630
2640784
2633632
2633637
2633642
2640795
2640810
2640816
2633644
2633655
2640818
2640838
2640853
2633668
2640862
2633669
2633677
2640864
2640873
2640874
2640878
2633691
2633706
2633710
2633717
2633719
2633721
2633723
2640879
2633725
2633726
2633727
2640886
2640895
2640896
2640898
2640902
2640904
2640905
2633733
2633734
2640907
2640909
2640911
2640922
2640933
2640940
2633767
2633774
2633777
2633779
2633792
2640943
2640948
2640956
2640964
2640976
2640981
2640984
2640987
2640989
2640991
2640994
2633797
2633799
2633802
2633803
2633806
2633808
2633813
2633822
2633833
2633837
2633844
2633845
2633850
2633853
2633855
2633860
2633878
2633882
2640999
2633885
2641005
2633886
2633887
2633899
2633921
2641011
2633927
2641014
2641037
2633928
2633929
2641041
2641047
2641050
2641058
2633932
2641077
2633937
2641081
2641098
2641105
2633942
2633948
2633952
2633960
2641108
2641115
2641121
2641126
2633963
2633966
2641137
2641141
2641151
2641154
2633970
2641157
2641158
2641169
2641170
2641171
2633971
2633972
2633981
2641173
2633982
2641185
2641198
2641202
2633985
2634001
2641206
2634003
2641212
2641216
2634011
2641221
2641223
2634018
2634019
2641237
2641240
2641247
2634026
2641251
2641258
2641264
2641268
2634028
2634035
2641278
2641290
2641304
2634044
2634058
2634065
2634072
2641308
2641312
2641316
2641318
2641322
2634074
2641328
2641335
2641359
2634079
2641368
2634088
2641371
2634092
2634111
2641375
2641378
2634117
2634119
2634124
2634129
2641395
2641400
2641401
2634145
2634156
2634159
2641402
2641405
2634171
2634172
2634178
2634181
2641406
2641415
2641416
2641424
2641427
2641434
2641436
2641448
2641450
2634182
2634187
2634188
2641459
2641462
2641473
2641477
2641481
2641487
2641490
2641491
2641494
2641516
2641518
2641519
2634195
2634222
2634230
2634246
2641523
2641532
2641534
2634247
2641545
2641557
2634259
2634260
2634264
2634265
2634279
2634281
2641559
2641561
2641565
2634298
2641566
2641570
2634303
2634314
2634316
2634320
2634322
2641580
2634324
2641584
2634325
2641586
2641590
2634328
2634330
2641591
2641599
2641634
2641637
2634333
2641647
2634336
2641648
2634337
2641661
2641666
2641667
2634345
2641668
2641698
2634348
2641704
2641719
2641731
2634351
2634358
2634364
2634366
2634372
2634377
2634381
2641733
2641735
2641737
2641739
2641741
2641753
2634386
2634393
2634395
2634399
2641755
2641757
2641765
2634401
2634414
2634418
2634421
2634427
2634429
2641776
2641784
2634456
2641789
2641793
2634468
2634472
2634474
2634476
2634494
2641801
2634503
2634510
2634513
2641802
2634516
2641807
2634517
2641809
2641818
2634523
2634530
2634535
2641821
2634544
2634547
2634548
2634549
2634559
2634561
2634570
2641824
2641828
2634576
2634585
2634590
2634596
2641834
2634598
2641838
2634606
2641854
2641857
2641863
2641871
2641886
2634607
2641892
2641907
2641910
2641913
2641919
2641922
2641923
2641931
2634610
2634616
2641933
2634620
2634622
2641934
2641937
2641939
2641943
2634624
2641945
2641952
2641965
2641970
2634633
2634640
2634642
2634644
2634650
2634652
2634658
2641975
2634659
2641978
2634678
2641990
2641996
2634682
2642001
2642003
2634684
2634686
2634689
2642011
2642016
2634690
2642025
2642037
2642039
2642044
2642046
2642052
2642053
2642064
2642074
2642075
2642076
2642084
2642091
2642102
2642104
2642105
2642107
2642116
2642119
2642122
2642124
2642128
2634707
2634720
2642132
2642134
2642141
2634726
2642149
2642155
2634733
2634748
2634749
2634750
2642158
2642161
2642168
2634757
2642187
2634758
2642193
2642196
2642205
2642206
2634761
2642209
2634764
2634774
2634775
2642210
2642212
2634776
2634777
2634785
2642223
2634788
2642227
2634804
2642234
2642235
2642241
2642244
2642248
2642254
2642255
2634805
2642260
2642265
2642268
2634807
2634811
2642276
2634819
2642289
2642294
2634822
2642299
2634823
2642303
2642308
2642309
2642315
2642318
2634826
2642329
2642331
2634847
2634848
2634849
2642341
2634853
2634856
2634858
2634861
2634875
2634877
2634880
2634882
2642350
2642375
2642377
2634883
2634891
2642382
2634900
2634904
2634908
2634913
2642383
2642384
2634923
2634928
2642386
2634931
2634938
2634950
2634960
2642389
2642390
2642399
2642400
2642401
2642402
2642403
2642422
2642425
2642431
2642434
2642437
2642440
2642444
2642446
2642451
2642452
2642453
2642459
2634967
2634974
2634975
2634980
2634984
2642466
2635003
2642486
2642500
2642502
2642509
2642512
2642513
2642516
2642522
2635011
2635015
2642523
2642525
2635019
2635022
2635025
2635027
2635031
2635037
2635042
2642530
2642544
2642548
2635046
2642552
2642561
2635059
2635063
2642565
2635064
2635065
2635072
2642570
2635078
2635084
2635086
2642580
2635087
2635090
2642582
2635095
2635100
2635102
2642590
2642591
2635117
2635124
2642597
2635132
2635140
2635144
2635148
2635149
2635156
2642600
2642608
2642611
2635157
2642618
2635168
2642640
2635171
2642641
2635173
2635177
2642642
2642646
2642651
2635178
2635185
2635195
2642663
2635196
2635199
2642668
2642672
2642674
2642678
2635210
2642683
2635233
2635243
2642691
2635244
2635245
2635246
2642701
2642709
2642715
2635251
2635252
2642723
2642724
2635263
2635268
2642730
2642731
2642740
2642742
2642752
2642754
2642782
2635275
2635276
2635278
2642784
2635283
2642791
2642797
2642804
2642808
2635287
2642816
2642819
2635288
2635291
2635310
2642821
2642825
2635311
2635318
2642835
2635321
2635322
2635325
2642836
2642839
2642846
2642857
2642880
2642884
2642888
2642891
2635326
2635328
2642895
2635339
2642897
2635340
2642903
2642916
2642919
2642925
2642947
2642965
2635348
2642973
2642974
2642987
2635349
2635350
2635356
2635358
2643005
2635375
2643009
2643010
2643014
2643022
2635382
2635395
2643029
2643050
2643052
2635398
2635400
2635406
2635409
2635410
2635411
2635412
2635414
2635415
2635422
2643057
2643058
2643067
2635425
2643074
2635434
2643076
2643077
2643080
2635437
2635448
2635449
2635450
2635453
2643082
2643091
2635457
2643097
2643109
2643111
2643135
2635458
2643147
2643149
2643164
2643169
2643176
2643180
2643187
2635459
2643191
2635472
2635475
2635483
2635490
2643193
2643194
2635497
2635499
2635506
2643197
2643212
2635512
2643217
2643218
2635515
2643219
2635526
2635529
2643225
2643230
2643231
2643233
2643235
2643239
2635541
2635542
2643242
2635565
2635577
2635580
2635583
2635586
2643247
2643252
2643254
2643260
2643261
2643268
2643275
2635591
2635592
2635593
2643281
2643288
2643289
2643296
2643304
2643306
2643312
2643325
2643332
2643334
2643337
2643346
2635599
2643360
2635609
2635612
2643365
2643369
2635617
2643370
2643373
2635620
2635630
2635638
2635639
2643375
2635647
2643376
2635651
2635660
2635663
2635674
2635705
2635708
2635710
2635723
2635726
2635730
2643382
2643383
2643388
2643391
2643392
2643397
2635731
2635737
2643414
2635744
2635745
2635757
2635759
2635769
2635771
2635772
2635775
2635781
2643418
2635782
2635783
2635786
2643421
2643430
2635792
2635793
2643435
2643436
2635800
2635816
2635821
2635823
2635825
2635832
2635834
2635840
2635851
2643442
2635855
2635857
2635864
2643444
2635865
2643447
2635868
2643448
2635870
2643449
2643454
2635880
2635881
2643457
2635887
2635892
2643482
2643488
2635895
2643498
2643502
2635902
2643512
2635908
2643518
2635911
2643523
2643541
2643548
2635913
2635921
2643551
2643555
2643570
2635940
2635941
2643575
2643577
2643579
2643581
2635943
2635944
2635949
2635951
2643586
2635955
2635962
2635967
2635972
2643596
2643599
2643608
2635986
2643610
2635998
2643611
2643613
2643619
2636000
2636001
2636002
2636005
2643621
2643626
2636008
2643627
2643628
2643635
2643638
2643642
2643658
2643667
2643669
2643671
2643676
2643681
2643689
2636012
2643693
2636013
2636015
2643694
2636016
2636017
2636018
2636019
2636029
2636033
2636034
2636037
2643695
2643699
2643702
2643704
2636039
2636040
2643713
2643725
2643728
2643730
2643733
2636046
2643734
2643735
2643738
2643744
2636048
2643751
2636049
2636058
2636070
2636076
2636085
2636086
2636094
2636110
2643752
2643755
2636118
2636124
2643756
2643765
2643774
2643775
2643781
2643783
2636126
2636130
2636134
2643785
2636138
2636140
2643787
2643788
2643794
2643800
2636145
2643806
2643812
2643816
2643830
2636158
2636165
2636167
2643844
2643848
2636168
2636169
2643855
2636170
2636173
2643857
2636175
2636181
2636185
2643872
2643874
2636197
2643892
2643895
2643901
2643905
2636204
2636205
2643911
2636209
2636212
2643914
2643919
2643921
2636216
2636220
2636221
2636226
2643931
2636227
2636229
2636238
2636239
2636255
2636258
2636261
2636263
2643933
2636265
2636267
2636268
2636292
2643937
2643949
2636296
2636300
2643950
2636301
2643954
2643962
2636305
2636311
2636318
2636324
2643972
2643976
2643980
2643983
2636327
2636344
2636363
2636375
2643987
2643990
2636377
2643999
2644029
2644034
2644038
2644047
2644049
2644061
2644062
2644064
2644065
2644067
2644091
2644093
2644113
2644115
2636378
2636379
2636380
2636381
2644121
2644123
2644125
2636382
2644135
2644139
2644140
2644142
2644144
2636392
2644145
2636395
2644155
2644162
2644166
2644174
2644178
2644187
2644188
2636398
2636404
2644189
2644190
2644196
2644199
2644200
2644205
2636407
2644209
2636423
2636424
2644210
2636429
2644213
2644214
2644217
2644224
2636430
2636456
2636470
2644232
2636472
2644238
2644242
2644249
2644250
2644252
2644256
2644259
2636478
2636479
2636480
2636483
2636487
2636490
2636494
2644264
2644266
2636500
2636504
2644268
2644271
2636505
2636508
2636511
2644273
2644277
2636512
2636528
2644282
2636534
2644283
2636537
2636538
2644289
2644298
2636539
2636576
2636581
2636592
2644299
2636593
2644305
2644308
2636597
2636603
2644312
2636616
2636621
2636628
2636630
2644318
2644333
2636632
2644338
2644350
2644363
2644367
2636635
2644392
2636650
2644397
2644399
2636652
2644408
2644418
2644423
2644424
2644425
2644429
2644434
2644436
2636654
2636658
2636660
2636662
2644443
2644447
2636664
2644448
2644453
2636678
2644458
2636687
2636688
2636707
2636710
2644460
2644463
2636711
2636735
2644470
2636745
2644474
2636749
2636750
2636755
2636761
2636766
2644476
2644478
2644483
2644491
2644497
2644509
2644514
2644529
2644531
2644532
2636781
2636785
2644536
2636786
2644537
2636787
2644549
2644553
2636791
2644555
2636803
2636806
2636810
2644562
2644563
2644566
2644574
2644580
2644587
2644595
2644598
2636813
2644599
2636814
2644612
2636820
2644619
2644623
2636825
2636836
2636846
2636852
2636862
2644637
2636867
2644644
2636868
2644648
2636869
2644649
2644650
2636870
2644654
2636875
2636883
2644658
2636890
2644661
2644677
2644694
2644713
2636891
2636895
2644717
2636900
2636918
2636924
2636927
2636930
2636931
2636940
2644719
2644736
2636950
2644744
2644747
2644753
2644758
2636958
2636959
2644762
2644765
2644772
2644778
2636960
2636982
2644795
2636987
2644804
2644806
2644809
2644811
2644825
2644826
2644828
2644833
2644847
2644853
2644858
2644864
2644871
2644873
2644881
2644887
2644888
2644894
2644895
2644901
2644906
2644916
2644923
2644927
2644932
2644940
2644945
2644951
2644960
2644964
2644973
2644975
2644995
2644996
2645001
2645005
2645006
2645009
2645011
2645013
2645027
2645030
2645035
2645058
2645059
2645064
2645091
2645096
2645097
2645100
2645115
2645116
2645123
2645124
2645132
2645135
2645139
2645143
2645144
2645145
2645151
2645160
2645167
2645170
2645175
2645176
2645179
2645183
2645185
2645189
2645200
2645201
2645206
2645208
2645214
2645215
2645222
2645226
2645230
2645231
2645250
2645252
2645258
2645259
2645265
2645269
2645276
2645278
2645284
2645291
2645294
2645299
2645300
2645305
2645313
2645315
2645320
2645322
2645325
2645337
2645341
2645345
2645352
2645358
2645367
2645369
2645372
2645374
2645375
2645385
2645386
2645390
2645391
2645392
2645396
2645397
2645398
2645399
2645412
2645418
2645425
2645430
2645431
2645434
2645436
2645440
2645446
2645447
2645451
2645455
2645456
2645462
2645464
2645469
2645471
2645476
2645486
2645491
2645498
2645530
2645535
2645536
2645539
2645555
2645566
2645569
2645574
2645575
2645579
2645580
2645581
2645587
2645591
2645594
2645599
2645603
2645606
2645607
2645610
2645612
2645613
2645614
2645615
2645616
2645621
2645639
2645652
2645666
2645671
2645673
2645676
2645679
2645680
2645684
2645685
2645692
2645695
2645698
2645712
2645714
2645730
2645732
2645734
2645742
2645747
2645750
2645752
2645761
2645781
2645789
2645793
2645795
2645801
2645805
2645812
2645828
2645842
2645850
2645855
2645867
2645868
2645882
2645887
2645901
2645917
2645919
2645921
2645928
2645931
2645932
2645944
2645958
2645967
2645972
2645974
2645977
2645984
2645991
2645996
2645999
2646000
2646006
2646016
2646022
2646027
2646028
2646029
2646037
2646050
2646058
2646060
2646063
2646075
2646101
2646103
2646104
2646106
2646107
2646108
2646113
2646114
2646115
2646117
2646118
2646120
2646124
2646126
2646127
2646129
2646131
2646133
2646137
2646139
2646140
2646143
2646149
2646159
2646160
2646166
2646167
2646179
2646192
2646201
2646207
2646211
2646212
2646218
2646219
2646222
2646230
2646233
2646234
2646235
2646238
2646240
2646245
2646249
2646268
2646270
2646274
2646277
2646281
2646294
2646295
2646311
2646313
2646314
2646315
2646316
2646329
2646332
2646337
2646342
2646343
2646346
2646347
2646359
2646360
2646363
2646374
2646385
2646390
2646403
2646409
2646421
2646422
2646433
2646439
2646441
2646442
2646449
2646451
2646456
2646461
2646462
2646468
2646469
2646471
2646472
2646481
2646483
2646501
2646503
2646504
2646508
2646512
2646515
2646518
2646523
2646527
2646535
2646545
2646549
2646550
2646557
2646574
2646578
2646580
2646582
2646583
2646586
2646591
2646594
2646608
2646617
2646620
2646622
2646623
2646626
2646630
2646634
2646635
2646637
2646641
2646648
2646650
2646653
2646657
2646659
2646660
2646663
2646671
2646679
2646684
2646687
2646692
2646703
2646704
2646707
2646712
2646714
2646728
2646730
2646731
2646742
2646753
2646754
2646762
2646763
2646766
2646769
2646772
2646773
2646777
2646784
2646788
2646789
2646796
2646797
2646808
2646820
2646824
2646826
2646830
2646838
2646842
2646853
2646854
2646860
2646867
2646869
2646873
2646875
2646877
2646878
2646890
2646891
2646892
2646899
2646900
2646911
2646913
2646917
2646922
2646934
2646937
2646938
2646939
2646947
2646949
2646952
2646957
2646961
2646968
2646978
2646994
2647004
2647005
2647008
2647011
2647018
2647022
2647026
2647033
2647034
2647036
2647041
2647047
2647048
2647052
2647053
2647066
2647076
2647078
2647095
2647098
2647104
2647106
2647114
2647117
2647124
2647128
2647136
2647140
2647141
2647147
2647151
2647153
2647156
2647159
2647161
2647162
2647165
2647169
2647176
2647182
2647190
2647195
2647196
2647197
2647198
2647199
2647201
2647214
2647228
2647236
2647237
2647243
2647248
2647258
2647259
2647267
2647273
2647279
2647280
2647287
2647294
2647297
2647298
2647302
2647316
2647320
2647322
2647324
2647325
2647328
2647334
2647345
2647351
2647364
2647365
2647372
2647387
2647389
2647391
2647393
2647395
2647396
2647400
2647403
2647406
2647416
2647418
2647439
2647442
2647444
2647477
2647490
2647491
2647497
2647510
2647520
2647523
2647532
2647533
2647538
2647541
2647547
2647548
2647555
2647559
2647563
2647569
2647572
2647577
2647587
2647588
2647595
2647600
2647616
2647617
2647622
2647626
2647638
2647641
2647646
2647648
2647649
2647651
2647654
2647661
2647665
2647670
2647671
2647673
2647690
2647711
2647713
2647732
2647735
2647738
2647746
2647756
2647757
2647764
2647769
2647781
2647783
2647784
2647785
2647786
2647809
2647816
2647817
2647839
2647840
2647849
2647853
2647856
2647858
2647871
2647875
2647876
2647882
2647885
2647888
2647898
2647907
2647908
2647914
2647915
2647919
2647929
2647934
2647938
2647941
2647960
2647965
2647969
2647971
2647972
2647976
2647986
2647989
2647990
2648001
2648006
2648007
2648017
2648047
2648056
2648077
2648079
2648081
2648082
2648084
2648085
2648092
2648095
2648098
2648100
2648106
2648112
2648114
2648116
2648119
2648122
2648125
2648128
2648134
2648138
2648141
2648143
2648150
2648157
2648159
2648169
2648176
2648178
2648181
2648194
2648198
2648203
2648204
2648207
2648209
2648211
2648212
2648225
2648228
2648243
2648244
2648247
2648253
2648254
2648256
2648259
2648260
2648272
2648287
2648290
2648296
2648298
2648300
2648302
2648309
2648310
2648312
2648316
2648333
2648344
2648347
2648350
2648351
2648368
2648369
2648372
2648375
2648381
2648386
2648392
2648398
2648401
2648413
2648416
2648417
2648419
2648430
2648435
2648436
2648448
2648451
2648465
2648470
2648490
2648492
2648495
2648502
2648503
2648513
2648518
2648522
2648544
2648546
2648564
2648568
2648572
2648575
2648577
2648581
2648582
2648583
2648589
2648597
2648599
2648609
2648610
2648611
2648613
2648620
2648623
2648625
2648633
2648642
2648645
2648650
2648654
2648660
2648663
2648670
2648674
2648678
2648691
2648694
2648705
2648717
2648719
2648723
2648725
2648729
2648730
2648734
2648744
2648745
2648747
2648752
2648758
2648767
2648768
2648781
2648784
2648785
2648797
2648801
2648820
2648823
2648826
2648827
2648829
2648835
2648838
2648845
2648853
2648858
2648861
2648869
2648870
2648873
2648874
2648877
2648878
2648885
2648887
2648891
2648893
2648894
2648898
2648904
2648906
2648907
2648914
2648923
2648927
2648928
2648929
2648939
2648956
2648962
2648999
2649016
2649020
2649023
2649024
2649027
2649033
2649034
2649039
2649049
2649050
2649052
2649057
2649059
2649063
2649067
2649077
2649080
2649081
2649082
2649084
2649087
2649093
2649095
2649097
2649100
2649110
2649114
2649116
2649120
2649136
2649146
2649154
2649155
2649166
2649202
2649207
2649225
2649230
2649231
2649238
2649240
2649252
2649257
2649260
2649267
2649268
2649285
2649288
2649296
2649299
2649308
2649311
2649323
2649326
2649328
2649331
2649335
2649336
2649337
2649343
2649351
2649370
2649375
2649376
2649378
2649379
2649384
2649388
2649401
2649404
2649409
2649421
2649426

------------------------------------------------------------
Sender: LSF System <lsfadmin@n2d1-11>
Subject: Job 529926: <mpiexec -n 4 /share/jchen37/miniconda/bin/python2.7 deltaR.py run 26> Done

Job <mpiexec -n 4 /share/jchen37/miniconda/bin/python2.7 deltaR.py run 26> was submitted from host <login02.hpc.ncsu.edu> by user <jchen37> in cluster <henry2>.
Job was executed on host(s) <4*n2d1-11>, in queue <single_chassis>, as user <jchen37> in cluster <henry2>.
</home/jchen37> was used as the home directory.
</share/jchen37/netflix/calc_repu> was used as the working directory.
Started at Sun Nov 15 16:19:31 2015
Results reported at Sun Nov 15 16:19:38 2015

Your job looked like:

------------------------------------------------------------
# LSBATCH: User input
mpiexec -n 4 /share/jchen37/miniconda/bin/python2.7 deltaR.py run 26
------------------------------------------------------------

Successfully completed.

Resource usage summary:

    CPU time   :     21.86 sec.
    Max Memory :         3 MB
    Max Swap   :        35 MB

    Max Processes  :         1
    Max Threads    :         1

The output (if any) is above this job summary.



PS:

Read file <./err/26.err.529926> for stderr output of this job.

