2600002
2600015
2600016
2600017
2600018
2600021
2600027
2600032
2600055
2600064
2600089
2600102
2600109
2600127
2600129
2600132
2600134
2600136
2600138
2600142
2600143
2600146
2600150
2600159
2600164
2600165
2600169
2600172
2600176
2600185
2600190
2600192
2600194
2600217
2600220
2600224
2600234
2600237
2600243
2600245
2600249
2600252
2600254
2600259
2600264
2600272
2600275
2600276
2600280
2600283
2600289
2600290
2600292
2600294
2600305
2600313
2600321
2600328
2600340
2600352
2600361
2600365
2600369
2600372
2600376
2600394
2600397
2600401
2600417
2600419
2600436
2600437
2600440
2600441
2600442
2600444
2600453
2600462
2600467
2600472
2600485
2600486
2600502
2600503
2600522
2600523
2600531
2600539
2600540
2600550
2600554
2600557
2600558
2600582
2600588
2600591
2600592
2600597
2600598
2600608
2600616
2600623
2600631
2600635
2600641
2600648
2600650
2600652
2600659
2600671
2600674
2600676
2600693
2600702
2600711
2600726
2600729
2600731
2600733
2600734
2600739
2600748
2600755
2600758
2600760
2600761
2600762
2600766
2600776
2600777
2600795
2600810
2600827
2600829
2600834
2600838
2600843
2600846
2600848
2600853
2600855
2600858
2600866
2600868
2600872
2600881
2600882
2600894
2600896
2600899
2600906
2600917
2600927
2600935
2600937
2600941
2600942
2600943
2600949
2600951
2600956
2600960
2600961
2600964
2600966
2600968
2600970
2600981
2600982
2600992
2600994
2600995
2600997
2601006
2601012
2601015
2601018
2601021
2601024
2601029
2601045
2601047
2601048
2601057
2601058
2601060
2601064
2601078
2601090
2601093
2601094
2601105
2601111
2601112
2601114
2601115
2601119
2601140
2601141
2601146
2601154
2601158
2601161
2601173
2601177
2601186
2601187
2601189
2601196
2601205
2601212
2601214
2601222
2601229
2601231
2601232
2601235
2601237
2601245
2601250
2601251
2601258
2601260
2601263
2601274
2601281
2601283
2601287
2601289
2601294
2601300
2601301
2601307
2601312
2601319
2601326
2601327
2601328
2601330
2601331
2601333
2601343
2601344
2601360
2601362
2601373
2601375
2601377
2601378
2601379
2601382
2601384
2601385
2601390
2601391
2601408
2601412
2601415
2601416
2601426
2601428
2601436
2601438
2601445
2601448
2601449
2601453
2601460
2601476
2601479
2601483
2601489
2601506
2601514
2601516
2601517
2601526
2601551
2601558
2601560
2601566
2601572
2601582
2601593
2601599
2601604
2601606
2601611
2601618
2601619
2601620
2601632
2601643
2601646
2601649
2601659
2601664
2601672
2601679
2601685
2601691
2601695
2601707
2601712
2601715
2601725
2601742
2601744
2601747
2601748
2601761
2601772
2601774
2601777
2601782
2601784
2601788
2601798
2601805
2601826
2601834
2601838
2601843
2601850
2601856
2601857
2601864
2601871
2601874
2601882
2601892
2601909
2601915
2601919
2601923
2601936
2601942
2601949
2601965
2601966
2601967
2601971
2601975
2601988
2601989
2602006
2602007
2602011
2602013
2602014
2602016
2602019
2602020
2602022
2602028
2602029
2602030
2602031
2602047
2602054
2602057
2602059
2602074
2602076
2602078
2602083
2602108
2602109
2602115
2602117
2602122
2602133
2602135
2602142
2602145
2602149
2602152
2602164
2602166
2602169
2602174
2602177
2602187
2602188
2602191
2602198
2602199
2602206
2602207
2602208
2602218
2602221
2602229
2602234
2602245
2602249
2602250
2602262
2602263
2602269
2602275
2602282
2602302
2602316
2602318
2602321
2602331
2602339
2602349
2602351
2602359
2602360
2602362
2602370
2602371
2602372
2602374
2602380
2602388
2602394
2602396
2602398
2602399
2602400
2602410
2602411
2602413
2602422
2602427
2602429
2602433
2602434
2602437
2602440
2602447
2602448
2602454
2602458
2602461
2602476
2602480
2602483
2602485
2602489
2602493
2602500
2602507
2602508
2602521
2602527
2602529
2602530
2602535
2602537
2602545
2602553
2602558
2602560
2602563
2602564
2602573
2602583
2602585
2602586
2602591
2602594
2602610
2602612
2602634
2602639
2602641
2602642
2602643
2602654
2602655
2602658
2602667
2602672
2602674
2602679
2602683
2602685
2602688
2602689
2602690
2602694
2602696
2602697
2602701
2602705
2602717
2602720
2602728
2602735
2602738
2602740
2602746
2602748
2602749
2602750
2602754
2602760
2602761
2602775
2602787
2602807
2602808
2602817
2602831
2602856
2602868
2602874
2602877
2602881
2602882
2602886
2602899
2602901
2602909
2602911
2602915
2602922
2602923
2602928
2602930
2602932
2602934
2602935
2602942
2602984
2603000
2603002
2603015
2603023
2603025
2603027
2603031
2603040
2603041
2603053
2603059
2603062
2603065
2603066
2603079
2603080
2603093
2603094
2603102
2603105
2603114
2603130
2603148
2603154
2603158
2603162
2603166
2603169
2603173
2603174
2603178
2603179
2603181
2603191
2603196
2603202
2603203
2603213
2603226
2603232
2603233
2603235
2603237
2603241
2603243
2603246
2603247
2603258
2603261
2603267
2603271
2603272
2603275
2603297
2603300
2603301
2603303
2603312
2603314
2603318
2603322
2603335
2603337
2603342
2603360
2603368
2603372
2603375
2603379
2603380
2603381
2603386
2603392
2603394
2603398
2603404
2603405
2603411
2603423
2603435
2603443
2603445
2603449
2603450
2603460
2603463
2603465
2603471
2603476
2603477
2603478
2603491
2603513
2603514
2603520
2603523
2603524
2603528
2603534
2603538
2603539
2603543
2603546
2603551
2603559
2603572
2603582
2603592
2603606
2603608
2603622
2603624
2603626
2603627
2603633
2603638
2603639
2603642
2603643
2603646
2603647
2603658
2603663
2603664
2603676
2603678
2603682
2603683
2603685
2603689
2603696
2603700
2603713
2603723
2603730
2603740
2603741
2603742
2603747
2603749
2603750
2603754
2603756
2603757
2603767
2603768
2603774
2603775
2603779
2603785
2603788
2603798
2603802
2603809
2603814
2603819
2603827
2603832
2603835
2603847
2603856
2603861
2603869
2603872
2603890
2603901
2603914
2603916
2603917
2603919
2603921
2603928
2603949
2603955
2603959
2603980
2603984
2603989
2603996
2604003
2604008
2604009
2604023
2604025
2604031
2604046
2604057
2604059
2604060
2604062
2604063
2604066
2604070
2604071
2604090
2604097
2604098
2604112
2604123
2604129
2604131
2604133
2604138
2604149
2604150
2604160
2604164
2604173
2604175
2604177
2604192
2604193
2604194
2604196
2604201
2604203
2604205
2604206
2604217
2604225
2604227
2604252
2604260
2604263
2604264
2604265
2604268
2604271
2604283
2604292
2604293
2604298
2604306
2604307
2604319
2604320
2604338
2604339
2604346
2604351
2604352
2604358
2604364
2604368
2604382
2604383
2604392
2604408
2604415
2604430
2604442
2604449
2604453
2604455
2604460
2604462
2604464
2604465
2604473
2604475
2604477
2604482
2604490
2604492
2604497
2604501
2604509
2604511
2604517
2604525
2604529
2604544
2604554
2604566
2604580
2604588
2604593
2604605
2604606
2604607
2604609
2604631
2604633
2604637
2604639
2604642
2604645
2604646
2604652
2604659
2604662
2604663
2604665
2604668
2604669
2604676
2604696
2604699
2604704
2604706
2604710
2604718
2604729
2604734
2604738
2604751
2604757
2604763
2604773
2604781
2604806
2604811
2604814
2604818
2604820
2604824
2604831
2604836
2604845
2604846
2604847
2604850
2604856
2604860
2604861
2604867
2604878
2604887
2604897
2604898
2604904
2604905
2604908
2604920
2604928
2604931
2604932
2604937
2604938
2604939
2604943
2604947
2604948
2604952
2604953
2604955
2604960
2604962
2604963
2604971
2604973
2604976
2604977
2604980
2604992
2604997
2604999
2605003
2605004
2605017
2605034
2605040
2605046
2605052
2605056
2605060
2605069
2605073
2605078
2605085
2605100
2605105
2605113
2605122
2605125
2612710
2605144
2605145
2612713
2612723
2612729
2605146
2605147
2612735
2612739
2605153
2605156
2612740
2612741
2612744
2612748
2605168
2605170
2605174
2612753
2605178
2605179
2612756
2605190
2612765
2612768
2605192
2605198
2612775
2612788
2612790
2605201
2605204
2605208
2612793
2612798
2612802
2612805
2605214
2612811
2605216
2612812
2612814
2612825
2612840
2605219
2612846
2612855
2605221
2612884
2605233
2612889
2605235
2612891
2612895
2612904
2612908
2605238
2605240
2605242
2605258
2605261
2605264
2612911
2612914
2612919
2612923
2612924
2612927
2612939
2605271
2612945
2612952
2612953
2605272
2605273
2612957
2612962
2612977
2612986
2612989
2605284
2612992
2612999
2605287
2613008
2613012
2605288
2613020
2605296
2605298
2605318
2605324
2613032
2605328
2613054
2605345
2613069
2613071
2613076
2613080
2613084
2613087
2613090
2613091
2613093
2613097
2613104
2605347
2613105
2605351
2605357
2613106
2605359
2605361
2605385
2605386
2613112
2605391
2605404
2605407
2613114
2605408
2613119
2613121
2605411
2605418
2605420
2605426
2605430
2605438
2613123
2605439
2605440
2605442
2605453
2613124
2613134
2605458
2605472
2613147
2605478
2605480
2613157
2613161
2613167
2605492
2605498
2605501
2605503
2613171
2605507
2605509
2605513
2605516
2605518
2605526
2613185
2613188
2613195
2605535
2613200
2613210
2605537
2605544
2605547
2605548
2605551
2605553
2613213
2613219
2613231
2605566
2613233
2613235
2613241
2613243
2613251
2613257
2605571
2605572
2605579
2605580
2605581
2605593
2613258
2613268
2613273
2605611
2605612
2613274
2605628
2605629
2605630
2613275
2613279
2605634
2605635
2605636
2605642
2605644
2605646
2605653
2613283
2613288
2613291
2605659
2613297
2613300
2613307
2613309
2605669
2613315
2613320
2613321
2605672
2605679
2605682
2605685
2605687
2613324
2605700
2613328
2613334
2613340
2613341
2613342
2605702
2605705
2605717
2613344
2613351
2605725
2613353
2613360
2605729
2605741
2605746
2613363
2613373
2613380
2613385
2613388
2605754
2613394
2613396
2605762
2613410
2605765
2605770
2613411
2613412
2605778
2613415
2613420
2613429
2613431
2605785
2605788
2613436
2605795
2613438
2605796
2605801
2605804
2605808
2613445
2613446
2613447
2605814
2605815
2605819
2605829
2613453
2605833
2605836
2605837
2605848
2605849
2605850
2605852
2605859
2605872
2605893
2613456
2613461
2613465
2613470
2613472
2605894
2605895
2605898
2605901
2605904
2605915
2613474
2605921
2613476
2613480
2605935
2605938
2605939
2613487
2605941
2613500
2613509
2613516
2613517
2613524
2605948
2605951
2613539
2613559
2613560
2613574
2613579
2605962
2613581
2613584
2613592
2613600
2613602
2613606
2605970
2613608
2613609
2613610
2613617
2613627
2613636
2613637
2613639
2605975
2605976
2605984
2613644
2605993
2613646
2606000
2613651
2606018
2606023
2606029
2613654
2606036
2606037
2606055
2606057
2606062
2606074
2613656
2613659
2613662
2613666
2613667
2613671
2606078
2606079
2606080
2606082
2606086
2606092
2606095
2606100
2613674
2606103
2606106
2606107
2613676
2613681
2613682
2606108
2606109
2606111
2606117
2606118
2606126
2613684
2613688
2606127
2613697
2613700
2613703
2606128
2613709
2613715
2613721
2613724
2606130
2606141
2606144
2606146
2613727
2613729
2613731
2613738
2606149
2613743
2606160
2606176
2613745
2606179
2606191
2613749
2613751
2606193
2606196
2613756
2606204
2606205
2606216
2606219
2606222
2606225
2606232
2606237
2606244
2606246
2613757
2613758
2606255
2613769
2606262
2613771
2613772
2613781
2613785
2613786
2613810
2613816
2613817
2606263
2613819
2613825
2606264
2606268
2613829
2606274
2606275
2613833
2613838
2613850
2613874
2613882
2613884
2613886
2606279
2606288
2606293
2613890
2613894
2613897
2606295
2606303
2606311
2606313
2606316
2606322
2613898
2606332
2613899
2606334
2606341
2613921
2613926
2606349
2613942
2606352
2606353
2606355
2613957
2606364
2613961
2606367
2606368
2613966
2606374
2606378
2606381
2606388
2606391
2606397
2606398
2613973
2606402
2613974
2606404
2606410
2606411
2606412
2606448
2613975
2606452
2606457
2606458
2606461
2606480
2613976
2606482
2606488
2606490
2613978
2613988
2613996
2606497
2606498
2606501
2606506
2614004
2614007
2614009
2606510
2606512
2606515
2606519
2606527
2606528
2614010
2614012
2606529
2614014
2614020
2606540
2614026
2606550
2606553
2606560
2614027
2606568
2614032
2614047
2606573
2606575
2614051
2606577
2614060
2614061
2614070
2614071
2614075
2614077
2606583
2606588
2606593
2614083
2606596
2606618
2606628
2606637
2606639
2614085
2606642
2606651
2606654
2614093
2606655
2606668
2606674
2606676
2606678
2614098
2614103
2614114
2614119
2606685
2614122
2606689
2606696
2606726
2606736
2614125
2614145
2614147
2606757
2606761
2606762
2606763
2606764
2606769
2606772
2606773
2606774
2606779
2606793
2614156
2606796
2614167
2614179
2614191
2614194
2614203
2614210
2614221
2614230
2614232
2614237
2614243
2614245
2614258
2614261
2614267
2614268
2614273
2614276
2614279
2614282
2614285
2614292
2614303
2614304
2614308
2614311
2614314
2614315
2614316
2614320
2614328
2614330
2614340
2614345
2614351
2614356
2614361
2614363
2614367
2614376
2614383
2614386
2614390
2614394
2614400
2606799
2606807
2606815
2606816
2606818
2614402
2606820
2614404
2614414
2606827
2614421
2614424
2614426
2606835
2614428
2606849
2614431
2614433
2606853
2614450
2606854
2614453
2614457
2614458
2606862
2614464
2614469
2606872
2614473
2606879
2606896
2614474
2606908
2606916
2614489
2606917
2606921
2614490
2614504
2614519
2606925
2606932
2606937
2606946
2606956
2614527
2614533
2614536
2606971
2606974
2606983
2614537
2606989
2614550
2614551
2614556
2614560
2606990
2614562
2606996
2607005
2607013
2614568
2614578
2614582
2614589
2607018
2607019
2607028
2607031
2607035
2614596
2614603
2614610
2607039
2614612
2614613
2614616
2607043
2614625
2614627
2614634
2614642
2614649
2607054
2607068
2614656
2614665
2607070
2607084
2607085
2614680
2607087
2614684
2614686
2614688
2614693
2614696
2607099
2607102
2607107
2607112
2614700
2607116
2607119
2607120
2607128
2614709
2607134
2614711
2614713
2614716
2607137
2607151
2614723
2607152
2614728
2614730
2614742
2614745
2614752
2614758
2614763
2614769
2614779
2614787
2614806
2614827
2614836
2614839
2614857
2607155
2607160
2614862
2614867
2614879
2614880
2607171
2614886
2614891
2614895
2607183
2607184
2614903
2614905
2614908
2614911
2607186
2607193
2607205
2607208
2614913
2614916
2614922
2614925
2614928
2614939
2607224
2614948
2607225
2607226
2614949
2614951
2607235
2607238
2607239
2607241
2607245
2607248
2607253
2614953
2614969
2614981
2614986
2607256
2607275
2607285
2614987
2607295
2614988
2614989
2607296
2614997
2615006
2615012
2615016
2607299
2615017
2615029
2615031
2615035
2615036
2607300
2615037
2615038
2607302
2607305
2607308
2607310
2607311
2607315
2615044
2615046
2607322
2607327
2607338
2607342
2607352
2607354
2607358
2615048
2607365
2615056
2615058
2615066
2607368
2607370
2607373
2615067
2607379
2615076
2607385
2607387
2615077
2607392
2607396
2615078
2615082
2607403
2615089
2615091
2615097
2607406
2615100
2607409
2615106
2607415
2615118
2607420
2607423
2615129
2615142
2615152
2615154
2615158
2607433
2615159
2615161
2615175
2607443
2607445
2615176
2607455
2615184
2615190
2607470
2607472
2615191
2607494
2607495
2607497
2607504
2607508
2615192
2607509
2615195
2607513
2607526
2615196
2607528
2607531
2615207
2615209
2615218
2607533
2607543
2607548
2607550
2607558
2615224
2607559
2607562
2607564
2607571
2607573
2615226
2607575
2607579
2607591
2615235
2615236
2607604
2615237
2607623
2615242
2607628
2607635
2607641
2607642
2607643
2607659
2607660
2615244
2607671
2607672
2607678
2615247
2607690
2615249
2607695
2607696
2607701
2615250
2607702
2615277
2615290
2607709
2615291
2607719
2607720
2615298
2615300
2607731
2607760
2615317
2615321
2607773
2607775
2615328
2615336
2615339
2615348
2615363
2615367
2615368
2607782
2607791
2607812
2615373
2615378
2615382
2615385
2615392
2615402
2615409
2607815
2607820
2607832
2615418
2615431
2607836
2615432
2607840
2607841
2607843
2615433
2615437
2607844
2615443
2607846
2607848
2607876
2607880
2607881
2607892
2607908
2607911
2607912
2615444
2607914
2607922
2607932
2615446
2607948
2615449
2615454
2615458
2607957
2615464
2607961
2615465
2607964
2607965
2615472
2607975
2607981
2607983
2615475
2615482
2607984
2608006
2615486
2608009
2608013
2608024
2608029
2615488
2608030
2615492
2615493
2608034
2615500
2608040
2615507
2615510
2615528
2615539
2615548
2608047
2608054
2608064
2608066
2608072
2608074
2615549
2608080
2608082
2608092
2615552
2615558
2608100
2615564
2608106
2615572
2615573
2608114
2608117
2608139
2615582
2615583
2608143
2615586
2615596
2615599
2615605
2615610
2615612
2615618
2608144
2615620
2608150
2615629
2615630
2608151
2608155
2615636
2608156
2608167
2608169
2615640
2608176
2608195
2608203
2608235
2608246
2615645
2615656
2608259
2615660
2608282
2608284
2608286
2615661
2615663
2608287
2608292
2608294
2608302
2608308
2608309
2615678
2608320
2608325
2608332
2608350
2608351
2615679
2615681
2615682
2615683
2615685
2615704
2615713
2615715
2608352
2608353
2608355
2608357
2608361
2615722
2615723
2615725
2615728
2608363
2615731
2608367
2615733
2615749
2608372
2615756
2608375
2608378
2615764
2608381
2615797
2615802
2615805
2615807
2608383
2608393
2608404
2608434
2615816
2608448
2608467
2608469
2615818
2615819
2615824
2608473
2615828
2608477
2608496
2615860
2608501
2608502
2608503
2615875
2608505
2615877
2608507
2608515
2615878
2608520
2608524
2608527
2615883
2615886
2608528
2608536
2608537
2615895
2615903
2615908
2615911
2615912
2615916
2615919
2615940
2615946
2615948
2615951
2615953
2615971
2615974
2615975
2615981
2608542
2608548
2608549
2615986
2615988
2608552
2608563
2608570
2608571
2615996
2608578
2616003
2608583
2608587
2616019
2616023
2616030
2616035
2616037
2608592
2616039
2608599
2616043
2608600
2608607
2608608
2616054
2616060
2616064
2616065
2616077
2608615
2616092
2608618
2616093
2616122
2616124
2608635
2608637
2608642
2608646
2608649
2608666
2608667
2608670
2616127
2616134
2608673
2608674
2616142
2616143
2616146
2616155
2616165
2608675
2608681
2616186
2608692
2608713
2608714
2608715
2608718
2616187
2608730
2608743
2608744
2608754
2608761
2608762
2608765
2616210
2608766
2616215
2608782
2608784
2616227
2608786
2608790
2608795
2616232
2608797
2616235
2608805
2608816
2616236
2608818
2608823
2608826
2608827
2616241
2616243
2616256
2608832
2608833
2616259
2608845
2616260
2616263
2616266
2608846
2616269
2616272
2616274
2616277
2608851
2608854
2608855
2608858
2608860
2616287
2616291
2616292
2608866
2616294
2608870
2608874
2616297
2616298
2608875
2608877
2608879
2616301
2616304
2608884
2616306
2616312
2616316
2608886
2616317
2608903
2608913
2608917
2616318
2616331
2608919
2616347
2616352
2616360
2608920
2608924
2608933
2608934
2616365
2608938
2616369
2616386
2616388
2616392
2608940
2616396
2608946
2616401
2608951
2616402
2616403
2608953
2616405
2608957
2616406
2616407
2616410
2608958
2616411
2608964
2616412
2608972
2608973
2616413
2616415
2608976
2616417
2616427
2616430
2616431
2608978
2616435
2616440
2608980
2616448
2608981
2608982
2608983
2608984
2608986
2616470
2608988
2608996
2608997
2609002
2609005
2616474
2616478
2609014
2616482
2616485
2616490
2609021
2616494
2609027
2609030
2609031
2616513
2616515
2616516
2616527
2616542
2616547
2616559
2616560
2616561
2616568
2616586
2616589
2609033
2616597
2609036
2616607
2609038
2616615
2616625
2609043
2609051
2609053
2609068
2609071
2616643
2616668
2609074
2609081
2609087
2609089
2609091
2616671
2609093
2609098
2609103
2609107
2616677
2616685
2616700
2609114
2616701
2609119
2616702
2609130
2609133
2609134
2616705
2616713
2616722
2609159
2609167
2616724
2616740
2616746
2616750
2616751
2616760
2616766
2616776
2616778
2616782
2616785
2616789
2609187
2609197
2609200
2609207
2609208
2616793
2616806
2609211
2609213
2609214
2616810
2609223
2616813
2616816
2616823
2609234
2616830
2609235
2609252
2609265
2616835
2609266
2609268
2609271
2616836
2616837
2609280
2616854
2616856
2616868
2609285
2616874
2609314
2609317
2609323
2616878
2609330
2616889
2609331
2616899
2609332
2616907
2616914
2616915
2616916
2609333
2616920
2616922
2609334
2609340
2609341
2609350
2609351
2609356
2616928
2616932
2609360
2616936
2609365
2616948
2616951
2609372
2616958
2609383
2616966
2609393
2609396
2616972
2609404
2609406
2609409
2609412
2609415
2609416
2616980
2609417
2616982
2616989
2609422
2609424
2609432
2616995
2616997
2609436
2609438
2617001
2617002
2617030
2609445
2617031
2617032
2617034
2609447
2609453
2617039
2617040
2617052
2609456
2609457
2617060
2617062
2609461
2617068
2609478
2609484
2617079
2609486
2617084
2609496
2609506
2609509
2609520
2609531
2617098
2609538
2617105
2617116
2609544
2609546
2617117
2609556
2609563
2617121
2609567
2609571
2609587
2617122
2609589
2609617
2609618
2609628
2609630
2609637
2609640
2617127
2617128
2609649
2609654
2617135
2609667
2609670
2617143
2609677
2609678
2609685
2617170
2617183
2617184
2609688
2609692
2609693
2609697
2609699
2617185
2609700
2609706
2609723
2609734
2609736
2617189
2617222
2609740
2617224
2617225
2609746
2609756
2609757
2617239
2617241
2617244
2609759
2617246
2609760
2609763
2609768
2609771
2617251
2609772
2609773
2617257
2609783
2617259
2617263
2617267
2617274
2617278
2617288
2609784
2609787
2617292
2617304
2609788
2617309
2609794
2609798
2617320
2609802
2609811
2617330
2609832
2609836
2609840
2609841
2609845
2609846
2609849
2617354
2617358
2609851
2617374
2617384
2609852
2617385
2617393
2617403
2617404
2609857
2617405
2617413
2617419
2609867
2617422
2617430
2617432
2617433
2617437
2617441
2609870
2617443
2617446
2617453
2609871
2609872
2617463
2609873
2609876
2617466
2617468
2609879
2609896
2609901
2609905
2617482
2617483
2617495
2609906
2609907
2609920
2609927
2609934
2609940
2617503
2617507
2609941
2609942
2609945
2609947
2609949
2609951
2617522
2617529
2617534
2617535
2617537
2609954
2617542
2609960
2609965
2609968
2617543
2617545
2609972
2609974
2609990
2617549
2609995
2610001
2617555
2617557
2610008
2617572
2610012
2610018
2610020
2610026
2610029
2617574
2617582
2617583
2617585
2617591
2617594
2617596
2610031
2617613
2617614
2617629
2617641
2617650
2617651
2610032
2617654
2617662
2617663
2617666
2617673
2617679
2617684
2617691
2617696
2610037
2610040
2610058
2617709
2610073
2610079
2610084
2610088
2617720
2610092
2610098
2617727
2610101
2617741
2610105
2610109
2617760
2610119
2610124
2610128
2610133
2610138
2610147
2610150
2617767
2617775
2617786
2617788
2617794
2610154
2617802
2617827
2617841
2617842
2610157
2617844
2610159
2617862
2610165
2610168
2610169
2617865
2610189
2610190
2610192
2610193
2610195
2610200
2617868
2610202
2610205
2610214
2610219
2610223
2610230
2617870
2617873
2617877
2610243
2610244
2610245
2610249
2617878
2610265
2610268
2617880
2610269
2610270
2610271
2617894
2610272
2610284
2610287
2610296
2610305
2610308
2617902
2617904
2610310
2617910
2610314
2610315
2610316
2617911
2610318
2617913
2610321
2610330
2610331
2617918
2617929
2617933
2617943
2610338
2610349
2610350
2610351
2617950
2617956
2610356
2610373
2610379
2617959
2617960
2610390
2617967
2610396
2610406
2610410
2610416
2617972
2617987
2617988
2617989
2617995
2610420
2617996
2617997
2617998
2618000
2618002
2618005
2610423
2618029
2618034
2610425
2618063
2618065
2610426
2610430
2610434
2610437
2610445
2618067
2610453
2610455
2610463
2618075
2610466
2610469
2618083
2610470
2610473
2610493
2610500
2610505
2610508
2618087
2610520
2610536
2618090
2618093
2610537
2610538
2610541
2618094
2618095
2610551
2610564
2610566
2610582
2610586
2610591
2610594
2610602
2618096
2618102
2618104
2610604
2610608
2610611
2610618
2618114
2610628
2618117
2618124
2610630
2610634
2610635
2625327
2625328
2618126
2625338
2625339
2610637
2610640
2618128
2610641
2610642
2610643
2618129
2625344
2625353
2625362
2610649
2625367
2610650
2625369
2625370
2618135
2618139
2618141
2625371
2625380
2610660
2625381
2625382
2618155
2618156
2618165
2625392
2625397
2610685
2618167
2610698
2618168
2618194
2610706
2625400
2618195
2618199
2610710
2610714
2625405
2625406
2625409
2610715
2610722
2610725
2610732
2618211
2618214
2618229
2625412
2618234
2610733
2610742
2618235
2618240
2618245
2625415
2618263
2618264
2610745
2618271
2618285
2618286
2610750
2610757
2610759
2610783
2610790
2610799
2618308
2618310
2610802
2610803
2610804
2610805
2610806
2610807
2618313
2618314
2618318
2610810
2618319
2610818
2618324
2618326
2618328
2610823
2610831
2610839
2618336
2610862
2610866
2618341
2610868
2618344
2610874
2610877
2618345
2610879
2610880
2618348
2610882
2610889
2610893
2610897
2610903
2610908
2618351
2610916
2610924
2610930
2610933
2610934
2610939
2610944
2610949
2618354
2618359
2618366
2610950
2618367
2610955
2618377
2610959
2625420
2610960
2625424
2610968
2618381
2625427
2618384
2625429
2625430
2610969
2625437
2625441
2625448
2610976
2625450
2610980
2618385
2611003
2618387
2611004
2611005
2611022
2611029
2611035
2618393
2618394
2618397
2611037
2625453
2611038
2611041
2611042
2611046
2618398
2625457
2611049
2618400
2611056
2618410
2611061
2618413
2625465
2618416
2611069
2611071
2611074
2625468
2618428
2618429
2618433
2611075
2618437
2625469
2625470
2618444
2611079
2611081
2618445
2618449
2618467
2611092
2618473
2611096
2618475
2618477
2611101
2611113
2611123
2625471
2625479
2625487
2611124
2625496
2625501
2625502
2625506
2611125
2625508
2625509
2618484
2625513
2618485
2611135
2618487
2618491
2625514
2611136
2611141
2625519
2611142
2618501
2611145
2625520
2611151
2611153
2611155
2625523
2611158
2611160
2625528
2611167
2611168
2618503
2625539
2625543
2625553
2611177
2611179
2611183
2611187
2625555
2611198
2611201
2625559
2618515
2625561
2625564
2625565
2618520
2625566
2611202
2611206
2611210
2611219
2611224
2625568
2625576
2618521
2611234
2625581
2611240
2625600
2611251
2625607
2611253
2611263
2611268
2625610
2611269
2625622
2611276
2618537
2611297
2618539
2618545
2618546
2611298
2611299
2611309
2625623
2625628
2625631
2611318
2625634
2611332
2611343
2625639
2618551
2625648
2618552
2611347
2611351
2618553
2618561
2611356
2618563
2618565
2611386
2618568
2611401
2625649
2618575
2625678
2611411
2618580
2625681
2625684
2618581
2625688
2611413
2618582
2611414
2625691
2611424
2611426
2625692
2611433
2625702
2625705
2611436
2611441
2618584
2625707
2625715
2611445
2618594
2625718
2625720
2618598
2625724
2625730
2625733
2625738
2625740
2618610
2625742
2611449
2611456
2625746
2625747
2625748
2625751
2611457
2618622
2611458
2625755
2625759
2625782
2625784
2611467
2625797
2625805
2611468
2611470
2625809
2611473
2611475
2625812
2618624
2618625
2611479
2618634
2611492
2611494
2625822
2611502
2618635
2611506
2611510
2611525
2618645
2611526
2625824
2618652
2618658
2625831
2625843
2618662
2611527
2618663
2618664
2618670
2625845
2618679
2618682
2618683
2611530
2618685
2611534
2618688
2618714
2611539
2625846
2611555
2611556
2611560
2611569
2611576
2611583
2611584
2618724
2618730
2625857
2625859
2625865
2611587
2611598
2611602
2625866
2625869
2625871
2625873
2618731
2611606
2618738
2611615
2611621
2618739
2611623
2625878
2618749
2625883
2625900
2611627
2625913
2611629
2625918
2625919
2625922
2611652
2625937
2625938
2611655
2611662
2625939
2625943
2611663
2618750
2625947
2625948
2611665
2625949
2625950
2618752
2611666
2625954
2625959
2618753
2618759
2618764
2625962
2625978
2625979
2611670
2618767
2618771
2611671
2618780
2618781
2625985
2618792
2626004
2626006
2626010
2626013
2626017
2626022
2611681
2626023
2626026
2626029
2618793
2611685
2611697
2618811
2611698
2618813
2618815
2611699
2611714
2611719
2611730
2626033
2626036
2626039
2618819
2618825
2611742
2611748
2618827
2626047
2618847
2626059
2626069
2626073
2611749
2611750
2618851
2626082
2626084
2611751
2611758
2626088
2618854
2626089
2626092
2626093
2626106
2626112
2611761
2618861
2618866
2618879
2626119
2618891
2618893
2618895
2626121
2626125
2626127
2611773
2618896
2611778
2626134
2626138
2611780
2626147
2618901
2618903
2626149
2618927
2626153
2626154
2626165
2611783
2626169
2626175
2626179
2626181
2611784
2626186
2626191
2626195
2611785
2618943
2626197
2611787
2618944
2611788
2618947
2626200
2611789
2611792
2626201
2611797
2611810
2626208
2626212
2611811
2611818
2626214
2626216
2611823
2611827
2618955
2611829
2626219
2611831
2611833
2611835
2611836
2618956
2611837
2618957
2618960
2618963
2626223
2626232
2611838
2611842
2618968
2611864
2611867
2611871
2618983
2626235
2611872
2626247
2618989
2611873
2626253
2611874
2626257
2611877
2626260
2611883
2611885
2626265
2626266
2626269
2626273
2611888
2626274
2626276
2611890
2618990
2626277
2611893
2611897
2611898
2618997
2626280
2626294
2626295
2618999
2626300
2619005
2619008
2619013
2626307
2626309
2626311
2619021
2626312
2611904
2611905
2619026
2619027
2619032
2611915
2619033
2611918
2619034
2611920
2611921
2626313
2619035
2619039
2626335
2619043
2619050
2619065
2611922
2619066
2611933
2619074
2611940
2611941
2611944
2619077
2611947
2619082
2619089
2611954
2619092
2619099
2619104
2619107
2611962
2619110
2619114
2611979
2611980
2611981
2626336
2611983
2626339
2626341
2619115
2611991
2626347
2619123
2619126
2619136
2619138
2626356
2626357
2612013
2619139
2626376
2619140
2619141
2626381
2619148
2626390
2626393
2626399
2626400
2626402
2612016
2612018
2619149
2626413
2626416
2612020
2619157
2626418
2626421
2619158
2626423
2626427
2619160
2619168
2619174
2612043
2612044
2626428
2626431
2626442
2612060
2626443
2612063
2619176
2619177
2619187
2612067
2619189
2619198
2626453
2626455
2626461
2619201
2626464
2626465
2619202
2626471
2626472
2619205
2612079
2619207
2619208
2626475
2619213
2619226
2619228
2626476
2626477
2626486
2626493
2619235
2619241
2626494
2619243
2626500
2626501
2626502
2619244
2612083
2612084
2626505
2619252
2619254
2619260
2619271
2619276
2619278
2612086
2619279
2612088
2619285
2626507
2612096
2619286
2612097
2612100
2612101
2626521
2619290
2619295
2619303
2619305
2619309
2619312
2626523
2626527
2626529
2626554
2619313
2626555
2619323
2626557
2612104
2626563
2612107
2612109
2626564
2619327
2626568
2626573
2612111
2619329
2612115
2626578
2626583
2626592
2612123
2612133
2626595
2626596
2626597
2626614
2612134
2626616
2612136
2612139
2612141
2612149
2626618
2612156
2612162
2612165
2626619
2626621
2619337
2619340
2619349
2612167
2626623
2626625
2626627
2626636
2626654
2626658
2626667
2619357
2619359
2619363
2619365
2612172
2612173
2612174
2619369
2612179
2612184
2626675
2626688
2612187
2619372
2619375
2619378
2612192
2619382
2612195
2626689
2612205
2619392
2612209
2612214
2612215
2612228
2612235
2619393
2612243
2619396
2619398
2619402
2612246
2612248
2626690
2612258
2612259
2612264
2619408
2619409
2612266
2626694
2626699
2612267
2619413
2612268
2619414
2619418
2612283
2612288
2612289
2626701
2619426
2619448
2619455
2612295
2612298
2612302
2619460
2619463
2619469
2612303
2626704
2626709
2619473
2626710
2626711
2619486
2626713
2619493
2626714
2626717
2626731
2626734
2612306
2626737
2612319
2626739
2619505
2612322
2619509
2619512
2626748
2619514
2626750
2626755
2626760
2626765
2612324
2612327
2612331
2612336
2626774
2612340
2626776
2626785
2619515
2619519
2626786
2619530
2626794
2619541
2619557
2626807
2619575
2619586
2612341
2612343
2619587
2612348
2612356
2626808
2612357
2626811
2612364
2612376
2612388
2612389
2619593
2612393
2619606
2612399
2619625
2619640
2619642
2619643
2612400
2619645
2612406
2619658
2612427
2619663
2612432
2626818
2626819
2626823
2619664
2619665
2626831
2626834
2626838
2619668
2619676
2626855
2626856
2626865
2626868
2619688
2612435
2626869
2626874
2612437
2612439
2612440
2619691
2619693
2619698
2619712
2626875
2612449
2626880
2612453
2612457
2612465
2612467
2612469
2612470
2612472
2612475
2612476
2612477
2626881
2626885
2619718
2612478
2612481
2612483
2612499
2612518
2619734
2619740
2612525
2626891
2619753
2626913
2626914
2612545
2626915
2612553
2612555
2626921
2619756
2626929
2626943
2619761
2619767
2612564
2626944
2626946
2619776
2619777
2626947
2612572
2612579
2619778
2612585
2626958
2612589
2626961
2612590
2619780
2626974
2612596
2612614
2619785
2612617
2612624
2612629
2619792
2626975
2619800
2626986
2619809
2619811
2612630
2612642
2612648
2612650
2626987
2619814
2619816
2612656
2626992
2612657
2626993
2626995
2627000
2627008
2627034
2619823
2627037
2627042
2612664
2627049
2612671
2612672
2612674
2619829
2627051
2619841
2627055
2619850
2627083
2612683
2612684
2619856
2619860
2619864
2612692
2619865
2619870
2612695
2619874
2627087
2619875
2627095
2627112
2619882
2619883
2619886
2627113
2627115
2619901
2619913
2627118
2627121
2619914
2627128
2619917
2627141
2627143
2619945
2619950
2627144
2627145
2627148
2627154
2627160
2627163
2627165
2619959
2627181
2619960
2627184
2627188
2619963
2619969
2619972
2619988
2619991
2620000
2620023
2620030
2620032
2620033
2620042
2620043
2620046
2627190
2627196
2627206
2627211
2627212
2627216
2627220
2627230
2627231
2627234
2627238
2620050
2620051
2620052
2627243
2620053
2620054
2620056
2620072
2620073
2620080
2620085
2620087
2620096
2627248
2620103
2627249
2620105
2620106
2627250
2620107
2620111
2620116
2620122
2620131
2620138
2620143
2620144
2627259
2620146
2627262
2620148
2620151
2620157
2627263
2627264
2627266
2620163
2620167
2627267
2627268
2627275
2620169
2627280
2627286
2627296
2620170
2620172
2627300
2620176
2627305
2620178
2620187
2620189
2627312
2627313
2627326
2620193
2627327
2627331
2627340
2620194
2620205
2627352
2620206
2627353
2627357
2627360
2620210
2627364
2620220
2620226
2620227
2620242
2620271
2620277
2620287
2620294
2620300
2627366
2620305
2627369
2620307
2620309
2620311
2627372
2627393
2620316
2620317
2620321
2620325
2620326
2620331
2620341
2620346
2620349
2620356
2627394
2620360
2627411
2620378
2620395
2620400
2627415
2627417
2627418
2620402
2620408
2627420
2627432
2627434
2627440
2620409
2620416
2620419
2627449
2620439
2620440
2620442
2620453
2620455
2620482
2620483
2620485
2620487
2627451
2620491
2620494
2620500
2627452
2620507
2627461
2620511
2627464
2620516
2627476
2620523
2620529
2627478
2620531
2620540
2627483
2627484
2627490
2627502
2627506
2620545
2620546
2620552
2620555
2627515
2620556
2620563
2627516
2627520
2627523
2620565
2627526
2627536
2620568
2627539
2627543
2627557
2620577
2627562
2627563
2620584
2620585
2620590
2620591
2627567
2627568
2620595
2620601
2627573
2627581
2627586
2620610
2620613
2620616
2620617
2627590
2620618
2627591
2627593
2620632
2620636
2620639
2620646
2620649
2627597
2627602
2627608
2627620
2627622
2620651
2627623
2627629
2627636
2627645
2620652
2620659
2620660
2627653
2620664
2620671
2627656
2620679
2620682
2627662
2620683
2627674
2627679
2627702
2620684
2620686
2627703
2627705
2620687
2620692
2627712
2620694
2627720
2627731
2627733
2627737
2620700
2627738
2620703
2627741
2627747
2627752
2620721
2620726
2627756
2627759
2620736
2620752
2620756
2627761
2620757
2627762
2620763
2620764
2620768
2620775
2627765
2627768
2620782
2627770
2627782
2627783
2620792
2620793
2627791
2627797
2620794
2620798
2620807
2620808
2620809
2620812
2620813
2620816
2620817
2620818
2620828
2620829
2620844
2620850
2620856
2627800
2627810
2627814
2627815
2627816
2627825
2627826
2627827
2627828
2627829
2627834
2620858
2620860
2620861
2627838
2620869
2620870
2620872
2620885
2627850
2627855
2620887
2627856
2627880
2620944
2627882
2627892
2620947
2620964
2620966
2620967
2620974
2620980
2620981
2620992
2627893
2627895
2627898
2627903
2627906
2620993
2627916
2627922
2627926
2627934
2627936
2621013
2627937
2627947
2621015
2627955
2627972
2621026
2621029
2621040
2627984
2621041
2627997
2621043
2621044
2628002
2621051
2621062
2621069
2621070
2628003
2628010
2621071
2621076
2621082
2628018
2628028
2621088
2628029
2628033
2628050
2628053
2628064
2628066
2621093
2628067
2621107
2628072
2628076
2621108
2621115
2628081
2621117
2628085
2621119
2621126
2628094
2628112
2628114
2628115
2628118
2628119
2621129
2621137
2621138
2621140
2628123
2621141
2628133
2621145
2628134
2628135
2621147
2621148
2628143
2628144
2628147
2628149
2628152
2628157
2628175
2628176
2628179
2628190
2628192
2628196
2628198
2621150
2628199
2628201
2621158
2628205
2621160
2621169
2621171
2621191
2621196
2628206
2621200
2628210
2628220
2628225
2628234
2628241
2628248
2628250
2621201
2621205
2628253
2621208
2628254
2628258
2628262
2628264
2628265
2628274
2621215
2628278
2628290
2628291
2621222
2628299
2628305
2628320
2628322
2628324
2621229
2628329
2621231
2621234
2628335
2628338
2628339
2628348
2628352
2621236
2628355
2621238
2628370
2621249
2628372
2628374
2628375
2628379
2628386
2621253
2621254
2628390
2621263
2621268
2628396
2621269
2628398
2628400
2621273
2628402
2628407
2621286
2628415
2621293
2621294
2621310
2628417
2621311
2628426
2628427
2628428
2621312
2628430
2621330
2628439
2621334
2628441
2621352
2628447
2628449
2628451
2621354
2621355
2621360
2628462
2621361
2621365
2628467
2628470
2621367
2628475
2628488
2628498
2628501
2628504
2621374
2628507
2621380
2621381
2628512
2628517
2621383
2621384
2628520
2621405
2621408
2628526
2628528
2628537
2628545
2628549
2628550
2621409
2628553
2628558
2621412
2628562
2621418
2621424
2621426
2621432
2621437
2628569
2628570
2621442
2628573
2628577
2628588
2621443
2621451
2621458
2621466
2621469
2621480
2621481
2628604
2628608
2621491
2628609
2628617
2621492
2628621
2621497
2621504
2621506
2628622
2621508
2628623
2628628
2621510
2628631
2628639
2621520
2628647
2628648
2628649
2621524
2621529
2628651
2621543
2621549
2621553
2621560
2621570
2628653
2628662
2621578
2628665
2628674
2621581
2628681
2628704
2621587
2621600
2621609
2621611
2621615
2621623
2628705
2621635
2628706
2621637
2621643
2628708
2621645
2621647
2621660
2621671
2621672
2628722
2628737
2621694
2628749
2621700
2621702
2628762
2621703
2621705
2621707
2621708
2621714
2621730
2621736
2621738
2621759
2621763
2621770
2628763
2628771
2621771
2621772
2628773
2628775
2621782
2621789
2621796
2621804
2621805
2621810
2628776
2621815
2621818
2628777
2621825
2628778
2628784
2628788
2628793
2628794
2621826
2628801
2628805
2621834
2621836
2628820
2621840
2628826
2628834
2628836
2621846
2628840
2621851
2628842
2628854
2628857
2628858
2621862
2621869
2621875
2621877
2621882
2621884
2621886
2628863
2621891
2621908
2621909
2621910
2621913
2621918
2621940
2621945
2628869
2628873
2628876
2628877
2628887
2628899
2628903
2628905
2628907
2628910
2628920
2628928
2628935
2628938
2628940
2628943
2628944
2628946
2628951
2628953
2628954
2628965
2628970
2621962
2628971
2628976
2628977
2621967
2628988
2621969
2621981
2629002
2629003
2621993
2629013
2629022
2621998
2622000
2622007
2629027
2622008
2622009
2629028
2622011
2629032
2622014
2629035
2622020
2622022
2622025
2629036
2622033
2629040
2629047
2629051
2629055
2629056
2622037
2629066
2629069
2629076
2629083
2629087
2622042
2629092
2629097
2622045
2622051
2629105
2629109
2622058
2622059
2629113
2622066
2622068
2629127
2622076
2629138
2629146
2622077
2629148
2622079
2622083
2622090
2629158
2622096
2629166
2629172
2622097
2629176
2622098
2622107
2622110
2622114
2622116
2622118
2622125
2629184
2629190
2629191
2622129
2622131
2622133
2622138
2622141
2622148
2622150
2622152
2622154
2622157
2629195
2622179
2622183
2622191
2629200
2622194
2629205
2629210
2629216
2629217
2629218
2629226
2629234
2629239
2622195
2622197
2629245
2622198
2622201
2622204
2622206
2622221
2622222
2622223
2629246
2629271
2622229
2629273
2629275
2629277
2622230
2622231
2629280
2622238
2629283
2629287
2629290
2629292
2629300
2622241
2629314
2622242
2629317
2622246
2622247
2629326
2629333
2622252
2629338
2629345
2622255
2622258
2622262
2622271
2629352
2629355
2629359
2622281
2622282
2622284
2622288
2622289
2629365
2629374
2622310
2629378
2629385
2622314
2622315
2629391
2629400
2622317
2622319
2629402
2629405
2629429
2622322
2622338
2622349
2629435
2629447
2622351
2622356
2629452
2629453
2629456
2622365
2622380
2622383
2622389
2629459
2622390
2629467
2622392
2622403
2629477
2629487
2629490
2629493
2622405
2629495
2629502
2629509
2622406
2622408
2629520
2622415
2629521
2629531
2629532
2629536
2629545
2629548
2622423
2622433
2622441
2629549
2629551
2629585
2629588
2629591
2622453
2629595
2622456
2622463
2622469
2622484
2622491
2622498
2622499
2622500
2622507
2622508
2636989
2636997
2636999
2629599
2622511
2629611
2637010
2622519
2629612
2622538
2629613
2622544
2629617
2622546
2629623
2622555
2622560
2637018
2637022
2637025
2629624
2629637
2637028
2629654
2629658
2637042
2637043
2637051
2637056
2622569
2622582
2637060
2637069
2637073
2622584
2622586
2622587
2637077
2622588
2637080
2622596
2622605
2622616
2629660
2629662
2637085
2622619
2622621
2629675
2629684
2622624
2622629
2622630
2622634
2622638
2637098
2637117
2629689
2629697
2622649
2622657
2629701
2637118
2622659
2637124
2629717
2637132
2637135
2622673
2622684
2637136
2622688
2637139
2637142
2637149
2629721
2637161
2629731
2629738
2629740
2637169
2622691
2622693
2637170
2637171
2637180
2622694
2622695
2622697
2622708
2629741
2622718
2629742
2622719
2629748
2629752
2622721
2622724
2622725
2622738
2629761
2622741
2629763
2622755
2637187
2622756
2622760
2637191
2622762
2637195
2622763
2622766
2622767
2637209
2622770
2622772
2637216
2637218
2622783
2622786
2622787
2622795
2629765
2622799
2637221
2637227
2629767
2637231
2629774
2629779
2622802
2622807
2629782
2629789
2629798
2637236
2629799
2629805
2622809
2622818
2622820
2622822
2637241
2629811
2622824
2637248
2622832
2622835
2629812
2629818
2622838
2629833
2629834
2637251
2629838
2629846
2629850
2629860
2629877
2637255
2637257
2637264
2637269
2637277
2629921
2629924
2629926
2637278
2637282
2637283
2637284
2637286
2629928
2637295
2629935
2637307
2629937
2629940
2629941
2629945
2622843
2622850
2629961
2622853
2637327
2622860
2629966
2629968
2629972
2622866
2629977
2629990
2622874
2637328
2622878
2629991
2637332
2629993
2622882
2629994
2637338
2637339
2622896
2637359
2622899
2637370
2637373
2637379
2637381
2629996
2629999
2637383
2630004
2630009
2630011
2637384
2630022
2630032
2630033
2637388
2630034
2637392
2622904
2637393
2630035
2637396
2637401
2630038
2637406
2622906
2637415
2622910
2622916
2622930
2637419
2622931
2622941
2637421
2637432
2637447
2630040
2637452
2622942
2637460
2622943
2630042
2622944
2637476
2637480
2630046
2637483
2630047
2630055
2637484
2637498
2637500
2622948
2622949
2622950
2622958
2637503
2630072
2637504
2637519
2622962
2637521
2637523
2637524
2622967
2622971
2622986
2630082
2637527
2630085
2630092
2630093
2637537
2637544
2622994
2637546
2637550
2637555
2637556
2637559
2630094
2630097
2637560
2622997
2630104
2630106
2623009
2630107
2623012
2623020
2630117
2630127
2623032
2637566
2630129
2637575
2623036
2637578
2630145
2630148
2623047
2630156
2637583
2623079
2637587
2637588
2623095
2637596
2623104
2630158
2637602
2630164
2637612
2637616
2637620
2623111
2637624
2637627
2630167
2630169
2630187
2637629
2637631
2637635
2623119
2623120
2630190
2637639
2623122
2630193
2630198
2630204
2630209
2630216
2623125
2630218
2637642
2630219
2630226
2630232
2630235
2637644
2630236
2630241
2637652
2630245
2623128
2637674
2623132
2630248
2637675
2637677
2637678
2637699
2623133
2637702
2623142
2623169
2623172
2637716
2637723
2630254
2637735
2630255
2623174
2637736
2637743
2623180
2623188
2630257
2623195
2637746
2637748
2637751
2637754
2623196
2630266
2630282
2623202
2623212
2623218
2623235
2623236
2623249
2623255
2630286
2623259
2623261
2637755
2623268
2630287
2623275
2630288
2630289
2623281
2630295
2630313
2630334
2630335
2630336
2623289
2623291
2637760
2637765
2637773
2623303
2637774
2623318
2623325
2637775
2637777
2637780
2637783
2623331
2623346
2637793
2623364
2623366
2623374
2637801
2637803
2637804
2637820
2637830
2623391
2623392
2623395
2623411
2623412
2623418
2623424
2623432
2623434
2637831
2630337
2630338
2630340
2623446
2630344
2623459
2623460
2630361
2637832
2630371
2637836
2630375
2637841
2637849
2630377
2637851
2630385
2637855
2637865
2623472
2623481
2623489
2630386
2623496
2630391
2630397
2637877
2630398
2630408
2623506
2623517
2630412
2630424
2630431
2630434
2630454
2630457
2630465
2630468
2623538
2623557
2623559
2623561
2637879
2623563
2630478
2630485
2623568
2623575
2623576
2623583
2623595
2623598
2630492
2623600
2623601
2630493
2630494
2630501
2630513
2623603
2623605
2623608
2637886
2637892
2630515
2637897
2630519
2637905
2630524
2637917
2637923
2637925
2630534
2630549
2637928
2623609
2630555
2630570
2623610
2630571
2630573
2630589
2637930
2623612
2630597
2623618
2630599
2630600
2630620
2630628
2623626
2637932
2623630
2623640
2623651
2623660
2630643
2630645
2623677
2630650
2623687
2630652
2630658
2630662
2630668
2623690
2623691
2623694
2637948
2623695
2637954
2637955
2637956
2637958
2637960
2623702
2623704
2623717
2637964
2623729
2637969
2623731
2637970
2630671
2630673
2623737
2623739
2637972
2630674
2630683
2623742
2630686
2630696
2630707
2630712
2637974
2630717
2623743
2637976
2623746
2623747
2630722
2623753
2630729
2630730
2623758
2630743
2637979
2630749
2630751
2637986
2623764
2637996
2623766
2623776
2637997
2623784
2630756
2630759
2638005
2630764
2638010
2623797
2623810
2630767
2630768
2623823
2630773
2623829
2623835
2623837
2623838
2623844
2623847
2630774
2638015
2638026
2630781
2638032
2638045
2630793
2638049
2638054
2638061
2638070
2638072
2638077
2638089
2638095
2638096
2638102
2623852
2638104
2623859
2623860
2630797
2630799
2638107
2638110
2623863
2623864
2630802
2638111
2638114
2623870
2638116
2623871
2630807
2623876
2638132
2623878
2630808
2623893
2630820
2638144
2623895
2638154
2638156
2638158
2638166
2630827
2638174
2630828
2623903
2630831
2638183
2630834
2630836
2630847
2638189
2638198
2638212
2623909
2638218
2630848
2623912
2630849
2638223
2638230
2623918
2623923
2638234
2623929
2638245
2623933
2638246
2638250
2623937
2623948
2623956
2630854
2638255
2630861
2638259
2630867
2623960
2623961
2623969
2623976
2630871
2630875
2630876
2638262
2623978
2638263
2630887
2638264
2623981
2638267
2638280
2638285
2623982
2623985
2638288
2638292
2623995
2638301
2624001
2638315
2624006
2624007
2638319
2638327
2638328
2638329
2630890
2638336
2624009
2630895
2630903
2624012
2624020
2624029
2630904
2638341
2624036
2624039
2624041
2630910
2624061
2624064
2624067
2624071
2624080
2630920
2638348
2624081
2638352
2638353
2638356
2638364
2638366
2630923
2638384
2638388
2630933
2624088
2624099
2638390
2638401
2630945
2638411
2624107
2638422
2630954
2638445
2638461
2638462
2638465
2638470
2624111
2630958
2624116
2624122
2630960
2638481
2630962
2638490
2630964
2638498
2630966
2638499
2630970
2630972
2638505
2630979
2638523
2624124
2630980
2630990
2630996
2631006
2638524
2624128
2631011
2624142
2631018
2624149
2631020
2631035
2624151
2631038
2638532
2624154
2631040
2638533
2631052
2638539
2631054
2638560
2638561
2638562
2638564
2631056
2631058
2638571
2631060
2631062
2631070
2638572
2638578
2624159
2631073
2624173
2624176
2631082
2631086
2638586
2631094
2638587
2631098
2638596
2624179
2624180
2624181
2638599
2624184
2631102
2631120
2624189
2638601
2631129
2624195
2631157
2638603
2624200
2624211
2624215
2631174
2638607
2638617
2631181
2638628
2624219
2624226
2624227
2631187
2638632
2638637
2631192
2638639
2624231
2631200
2631201
2638649
2638660
2631202
2638666
2638675
2638678
2638682
2631203
2631205
2631209
2631211
2638691
2631222
2631224
2638694
2638707
2638719
2624234
2624238
2624239
2624243
2624246
2624264
2624265
2631240
2624277
2638724
2624281
2638732
2624283
2624292
2624305
2631246
2631249
2624306
2631256
2624309
2638739
2624310
2638740
2624318
2624323
2624325
2624327
2624328
2631260
2624344
2631261
2624352
2624353
2624360
2624371
2624387
2631263
2624388
2638748
2624392
2631265
2624403
2638753
2624406
2624414
2638760
2631268
2624431
2624435
2631277
2624437
2638761
2624454
2624458
2624467
2624468
2624471
2631281
2624473
2638766
2638783
2638784
2638790
2638795
2638805
2631284
2638811
2624474
2631285
2631286
2631293
2631296
2624475
2624477
2638818
2638825
2638828
2638846
2631313
2638852
2631320
2624480
2624483
2638853
2624493
2631325
2638855
2624494
2624498
2624506
2624511
2631334
2624513
2638856
2631339
2631340
2631351
2631367
2638867
2624519
2624530
2631370
2638869
2638889
2631373
2631382
2631393
2638895
2638897
2638899
2638901
2638902
2638905
2624537
2631408
2624541
2638913
2631410
2631419
2631426
2631433
2624542
2631439
2631443
2638916
2638931
2638940
2631454
2624545
2638945
2624547
2631463
2638946
2638959
2638962
2638966
2624550
2624555
2631472
2638967
2638969
2624564
2631474
2624571
2624576
2624579
2631477
2631480
2638972
2638987
2631495
2624590
2638995
2631515
2639013
2639016
2624595
2639020
2624597
2639023
2624603
2631519
2639024
2624614
2631526
2639026
2631529
2639030
2639032
2639034
2631531
2631538
2639043
2639053
2639063
2631546
2639067
2639087
2624624
2624632
2624634
2624638
2639089
2624640
2624646
2631551
2631559
2624647
2624651
2624655
2624660
2624663
2639096
2624679
2624687
2639099
2624689
2624699
2624704
2624713
2639105
2631565
2639109
2624723
2624733
2631570
2624734
2624743
2631582
2624757
2624761
2624768
2624769
2631584
2624781
2639115
2631585
2639116
2639121
2624783
2631589
2624804
2631594
2631600
2631602
2631604
2639123
2624805
2624808
2624816
2624823
2624826
2624837
2639129
2624842
2624849
2624851
2631605
2631612
2624861
2624863
2631614
2624865
2631626
2639138
2639141
2639157
2639181
2639196
2631640
2631641
2639211
2624869
2631645
2631648
2639212
2639215
2624875
2639221
2639232
2639238
2624879
2624886
2624896
2639252
2639259
2639268
2639269
2639275
2631649
2639279
2631650
2639280
2639309
2639312
2639321
2624910
2631658
2639325
2639332
2624915
2639337
2639339
2624917
2639345
2624925
2639353
2639355
2639356
2639369
2639372
2624938
2631660
2624941
2631662
2624944
2639376
2639380
2639381
2639383
2639387
2624945
2624946
2624952
2624965
2639388
2639398
2639401
2631668
2631670
2631671
2624983
2639407
2631672
2639410
2624988
2624989
2624990
2639411
2639422
2625005
2639424
2625019
2625028
2625030
2631679
2625036
2625038
2625041
2625047
2639426
2639430
2639435
2639436
2639437
2631680
2639438
2631681
2631685
2631687
2631690
2631693
2639445
2625058
2625059
2625060
2631695
2631700
2639455
2631704
2631713
2639457
2631716
2631717
2631718
2639459
2631725
2639466
2639472
2639480
2625065
2625069
2631726
2631730
2625071
2625077
2625079
2625080
2625096
2631735
2631740
2639487
2625100
2639488
2631744
2631751
2625101
2631754
2639491
2625108
2631755
2631756
2631760
2639500
2639511
2631764
2625109
2639521
2631784
2625121
2625136
2639538
2631786
2625145
2625146
2625147
2639548
2639549
2625150
2639560
2625156
2639566
2639578
2631788
2639579
2625158
2625167
2631791
2625168
2625170
2625181
2631793
2625197
2625199
2625219
2625235
2639583
2639586
2639589
2631796
2625236
2639595
2639602
2625242
2639603
2639605
2625253
2625255
2625256
2639606
2625257
2631815
2639618
2639621
2639624
2625260
2631821
2631824
2631827
2631834
2631840
2631847
2625262
2631848
2625267
2639627
2625268
2639638
2625278
2625284
2639642
2639645
2625291
2631849
2631852
2639648
2639652
2639657
2639663
2625295
2639665
2625300
2625303
2631853
2631862
2631880
2631885
2639666
2639673
2639676
2631892
2631905
2631906
2631907
2631908
2631911
2631915
2625306
2631921
2631929
2639681
2631930
2639683
2631932
2639686
2631942
2639687
2631947
2639694
2639697
2631949
2639700
2639726
2639728
2639731
2639734
2639742
2639743
2639748
2639749
2631950
2639751
2631955
2631960
2631963
2631970
2639766
2639770
2639771
2631978
2631982
2631986
2631991
2631993
2631996
2639772
2632001
2639779
2639780
2639787
2632005
2632008
2639788
2639791
2639795
2639800
2639803
2639806
2639808
2639809
2639813
2632019
2632030
2632057
2632060
2632064
2639831
2639832
2632065
2639840
2632070
2632079
2639855
2639858
2639863
2639865
2632094
2632101
2632103
2639872
2639873
2639876
2632109
2632116
2632117
2632139
2632141
2639881
2632143
2639893
2639922
2639929
2632150
2632151
2632155
2639932
2639935
2632157
2639937
2639939
2639948
2639954
2639960
2639973
2632159
2632167
2639982
2639983
2632173
2639985
2632176
2639990
2639996
2632181
2632182
2632187
2632194
2632199
2639999
2632205
2640009
2640011
2632207
2632208
2640013
2632219
2632226
2640019
2632227
2640023
2632231
2632244
2640025
2632251
2640041
2632253
2640042
2640057
2632260
2632265
2632267
2632269
2640059
2632273
2632274
2632279
2632285
2632291
2632295
2632303
2632313
2632317
2640070
2640077
2640078
2640085
2640086
2632322
2632327
2640087
2632329
2640092
2632330
2632331
2640096
2640099
2632332
2640100
2632339
2640108
2632341
2640109
2640113
2640129
2640133
2640134
2640143
2640148
2632347
2632350
2632356
2632360
2632361
2632365
2640150
2640151
2640155
2640158
2640165
2632371
2640171
2640173
2640176
2640194
2632376
2640196
2632377
2632380
2632382
2632404
2632405
2640203
2640207
2632424
2640210
2632429
2640211
2640223
2632434
2640230
2640231
2640238
2640239
2640249
2640256
2632436
2640260
2632437
2632444
2632446
2632459
2640264
2640269
2632461
2640273
2632466
2632468
2632475
2632477
2632483
2632485
2632493
2632501
2632511
2632514
2632516
2632523
2632525
2632531
2632546
2640278
2640287
2640292
2640293
2640297
2640300
2640301
2640325
2640335
2640339
2640340
2640342
2632548
2640350
2632560
2640355
2632567
2632571
2640357
2632574
2632579
2632581
2632591
2632596
2632598
2640363
2640376
2640382
2640387
2640394
2640397
2632607
2640398
2632621
2632622
2632625
2640400
2632643
2632645
2632648
2640401
2640403
2632651
2640412
2640419
2640431
2640434
2640451
2640454
2640471
2632653
2632654
2632664
2640473
2640484
2640494
2632671
2640498
2632674
2632685
2632688
2632697
2640501
2640504
2632701
2640514
2640519
2640524
2640527
2640529
2640532
2640542
2632704
2632705
2632707
2632710
2632713
2632718
2640547
2632722
2632744
2632753
2632755
2632756
2632760
2632787
2632797
2632806
2632812
2632818
2632826
2632835
2632837
2632840
2632845
2632850
2640550
2640568
2632854
2632858
2640581
2640600
2640608
2640614
2640619
2640622
2640623
2632868
2632872
2640626
2640631
2632882
2640636
2632884
2632888
2632890
2632901
2640644
2632909
2640647
2640650
2640651
2632910
2640654
2632925
2632943
2632946
2632949
2632956
2632964
2640656
2640666
2640678
2632967
2632973
2640680
2632975
2632982
2640681
2640683
2640692
2640699
2632988
2640707
2640714
2640718
2640719
2640724
2640725
2640727
2640732
2640734
2640743
2640749
2640750
2640753
2632990
2632992
2632998
2640757
2640759
2633003
2633011
2633013
2633019
2633025
2633033
2633035
2633038
2633061
2640760
2640777
2640780
2633064
2633069
2633071
2640784
2633083
2633089
2633090
2640795
2640810
2640816
2633092
2633095
2640818
2640838
2633097
2640853
2633100
2640862
2633106
2633114
2633122
2640864
2640873
2633127
2633135
2640874
2633142
2633147
2640878
2633149
2633152
2633153
2633160
2633168
2633173
2633187
2633197
2640879
2640886
2640895
2640896
2640898
2633200
2640902
2633208
2633210
2640904
2640905
2633219
2633226
2633231
2640907
2640909
2633243
2633246
2640911
2633251
2633254
2633257
2640922
2633258
2640933
2640940
2633264
2633266
2633274
2633277
2633281
2633288
2640943
2640948
2640956
2640964
2640976
2640981
2640984
2633293
2633294
2640987
2633303
2640989
2640991
2640994
2633306
2633307
2633313
2640999
2633320
2641005
2633322
2633323
2633329
2633332
2633333
2633337
2633345
2641011
2641014
2641037
2641041
2641047
2641050
2641058
2641077
2633357
2633363
2641081
2633368
2633371
2641098
2641105
2641108
2641115
2641121
2641126
2641137
2641141
2641151
2641154
2633375
2633384
2641157
2641158
2641169
2633388
2633394
2641170
2641171
2633404
2633413
2633414
2633421
2633428
2641173
2633434
2633437
2633441
2641185
2641198
2633443
2633447
2641202
2633454
2633459
2641206
2641212
2633465
2633478
2641216
2633479
2641221
2641223
2641237
2641240
2641247
2641251
2641258
2641264
2641268
2633486
2641278
2641290
2641304
2633487
2641308
2633489
2633504
2633505
2633509
2633514
2633521
2633526
2641312
2641316
2641318
2641322
2641328
2633543
2641335
2641359
2641368
2641371
2641375
2641378
2641395
2641400
2641401
2641402
2641405
2641406
2633545
2641415
2641416
2641424
2633546
2633547
2633550
2641427
2641434
2641436
2641448
2641450
2633551
2633552
2633559
2641459
2633561
2641462
2633562
2633576
2641473
2641477
2641481
2641487
2641490
2641491
2641494
2633585
2633588
2633589
2633593
2641516
2641518
2641519
2633606
2633614
2633618
2633628
2633630
2641523
2633632
2633637
2633642
2641532
2641534
2641545
2641557
2633644
2633655
2633668
2641559
2641561
2641565
2633669
2633677
2641566
2641570
2633691
2633706
2633710
2633717
2633719
2633721
2633723
2641580
2641584
2633725
2633726
2641586
2633727
2641590
2641591
2641599
2641634
2641637
2641647
2633733
2633734
2641648
2641661
2641666
2641667
2633767
2633774
2633777
2633779
2633792
2641668
2641698
2641704
2641719
2641731
2633797
2633799
2633802
2633803
2633806
2633808
2633813
2633822
2633833
2633837
2633844
2633845
2641733
2633850
2641735
2641737
2633853
2633855
2641739
2641741
2633860
2633878
2633882
2633885
2641753
2633886
2633887
2633899
2641755
2641757
2633921
2641765
2633927
2633928
2641776
2641784
2633929
2641789
2641793
2633932
2633937
2641801
2633942
2633948
2633952
2633960
2633963
2633966
2641802
2641807
2641809
2641818
2633970
2633971
2633972
2641821
2633981
2633982
2641824
2641828
2633985
2641834
2634001
2641838
2641854
2634003
2641857
2641863
2641871
2634011
2641886
2634018
2641892
2634019
2641907
2634026
2641910
2641913
2641919
2641922
2641923
2641931
2641933
2641934
2634028
2641937
2634035
2641939
2641943
2634044
2641945
2634058
2634065
2641952
2634072
2641965
2641970
2641975
2641978
2641990
2641996
2634074
2634079
2634088
2634092
2634111
2642001
2642003
2634117
2634119
2642011
2634124
2642016
2634129
2634145
2642025
2642037
2634156
2642039
2634159
2634171
2634172
2634178
2634181
2642044
2642046
2642052
2642053
2642064
2642074
2642075
2642076
2642084
2642091
2642102
2642104
2642105
2642107
2642116
2634182
2642119
2642122
2642124
2634187
2634188
2642128
2642132
2642134
2642141
2642149
2642155
2642158
2642161
2642168
2642187
2642193
2634195
2634222
2634230
2634246
2642196
2642205
2642206
2634247
2642209
2634259
2642210
2642212
2634260
2642223
2634264
2634265
2634279
2634281
2642227
2642234
2634298
2642235
2634303
2642241
2642244
2642248
2642254
2634314
2634316
2642255
2642260
2642265
2642268
2634320
2634322
2634324
2634325
2642276
2642289
2642294
2634328
2642299
2634330
2642303
2642308
2642309
2642315
2634333
2642318
2642329
2634336
2634337
2642331
2642341
2634345
2642350
2642375
2642377
2642382
2642383
2634348
2642384
2642386
2634351
2634358
2634364
2634366
2634372
2634377
2634381
2642389
2642390
2642399
2642400
2642401
2642402
2634386
2642403
2642422
2634393
2634395
2634399
2642425
2634401
2634414
2642431
2634418
2642434
2634421
2634427
2634429
2642437
2642440
2642444
2634456
2642446
2642451
2642452
2642453
2634468
2634472
2642459
2634474
2634476
2634494
2634503
2642466
2642486
2642500
2634510
2634513
2642502
2642509
2642512
2634516
2642513
2642516
2642522
2634517
2634523
2642523
2642525
2634530
2634535
2642530
2634544
2634547
2642544
2642548
2634548
2634549
2642552
2642561
2634559
2642565
2634561
2634570
2642570
2642580
2642582
2642590
2642591
2634576
2634585
2642597
2634590
2634596
2634598
2634606
2642600
2642608
2642611
2642618
2642640
2642641
2642642
2642646
2642651
2642663
2642668
2642672
2634607
2642674
2642678
2642683
2642691
2634610
2634616
2642701
2634620
2642709
2642715
2634622
2642723
2642724
2642730
2642731
2642740
2642742
2642752
2634624
2642754
2642782
2634633
2634640
2634642
2634644
2634650
2642784
2634652
2634658
2642791
2642797
2634659
2642804
2634678
2642808
2642816
2642819
2642821
2634682
2642825
2642835
2634684
2642836
2634686
2642839
2634689
2642846
2642857
2642880
2642884
2642888
2634690
2642891
2642895
2642897
2642903
2642916
2642919
2642925
2642947
2642965
2642973
2634707
2634720
2634726
2634733
2642974
2634748
2634749
2634750
2642987
2634757
2634758
2643005
2643009
2643010
2643014
2643022
2634761
2643029
2643050
2643052
2634764
2634774
2634775
2643057
2634776
2643058
2634777
2643067
2634785
2643074
2643076
2643077
2643080
2634788
2634804
2643082
2643091
2643097
2643109
2643111
2634805
2643135
2643147
2643149
2634807
2643164
2643169
2643176
2643180
2643187
2634811
2634819
2634822
2643191
2634823
2634826
2634847
2634848
2634849
2634853
2634856
2634858
2634861
2634875
2643193
2643194
2634877
2634880
2643197
2634882
2643212
2643217
2643218
2643219
2634883
2634891
2643225
2643230
2643231
2643233
2643235
2634900
2634904
2643239
2634908
2634913
2634923
2634928
2643242
2634931
2634938
2634950
2634960
2643247
2643252
2643254
2643260
2643261
2643268
2643275
2643281
2643288
2643289
2643296
2643304
2643306
2643312
2643325
2643332
2643334
2643337
2643346
2643360
2643365
2643369
2643370
2643373
2634967
2634974
2643375
2643376
2634975
2634980
2634984
2635003
2643382
2643383
2643388
2643391
2643392
2643397
2643414
2635011
2635015
2635019
2635022
2635025
2635027
2643418
2635031
2635037
2635042
2635046
2635059
2643421
2643430
2635063
2635064
2635065
2635072
2635078
2635084
2635086
2635087
2635090
2635095
2635100
2635102
2635117
2643435
2635124
2635132
2643436
2635140
2643442
2635144
2635148
2635149
2635156
2643444
2635157
2643447
2643448
2635168
2643449
2643454
2635171
2635173
2635177
2635178
2635185
2635195
2643457
2635196
2635199
2643482
2643488
2643498
2643502
2643512
2643518
2635210
2643523
2643541
2635233
2643548
2635243
2643551
2643555
2643570
2635244
2635245
2635246
2635251
2635252
2635263
2643575
2635268
2643577
2643579
2643581
2635275
2643586
2635276
2635278
2635283
2643596
2643599
2643608
2635287
2643610
2635288
2635291
2643611
2635310
2643613
2635311
2635318
2635321
2643619
2635322
2635325
2643621
2643626
2643627
2635326
2643628
2643635
2635328
2643638
2643642
2635339
2643658
2635340
2643667
2643669
2643671
2643676
2643681
2643689
2643693
2643694
2635348
2635349
2635350
2643695
2635356
2643699
2643702
2643704
2635358
2635375
2643713
2643725
2643728
2635382
2635395
2643730
2643733
2635398
2635400
2635406
2643734
2635409
2643735
2635410
2635411
2643738
2635412
2635414
2635415
2643744
2635422
2643751
2635425
2635434
2643752
2643755
2635437
2635448
2635449
2643756
2643765
2643774
2635450
2643775
2643781
2643783
2635453
2635457
2635458
2643785
2635459
2635472
2635475
2643787
2643788
2643794
2643800
2635483
2635490
2635497
2635499
2643806
2635506
2643812
2635512
2643816
2643830
2635515
2635526
2635529
2643844
2643848
2635541
2635542
2643855
2643857
2635565
2643872
2635577
2643874
2635580
2635583
2635586
2643892
2643895
2643901
2643905
2643911
2643914
2643919
2643921
2643931
2635591
2635592
2635593
2643933
2635599
2635609
2643937
2643949
2635612
2635617
2635620
2643950
2635630
2635638
2643954
2643962
2635639
2635647
2635651
2643972
2643976
2635660
2643980
2635663
2643983
2643987
2635674
2635705
2635708
2635710
2635723
2643990
2635726
2635730
2643999
2644029
2644034
2635731
2644038
2644047
2644049
2644061
2635737
2644062
2635744
2644064
2644065
2635745
2635757
2635759
2635769
2644067
2635771
2644091
2635772
2644093
2635775
2644113
2644115
2635781
2635782
2644121
2644123
2644125
2635783
2635786
2644135
2644139
2635792
2635793
2644140
2644142
2644144
2644145
2644155
2644162
2644166
2635800
2635816
2635821
2635823
2635825
2635832
2644174
2635834
2635840
2635851
2644178
2644187
2635855
2635857
2635864
2644188
2635865
2635868
2635870
2635880
2635881
2644189
2644190
2644196
2635887
2635892
2644199
2644200
2644205
2644209
2635895
2644210
2635902
2635908
2635911
2644213
2644214
2644217
2635913
2635921
2644224
2644232
2635940
2635941
2644238
2644242
2635943
2635944
2635949
2635951
2644249
2644250
2635955
2644252
2644256
2635962
2644259
2635967
2635972
2635986
2635998
2644264
2644266
2636000
2636001
2636002
2636005
2644268
2644271
2636008
2644273
2644277
2644282
2644283
2644289
2644298
2636012
2636013
2644299
2636015
2636016
2644305
2636017
2644308
2636018
2636019
2636029
2636033
2636034
2644312
2644318
2644333
2644338
2636037
2644350
2644363
2644367
2636039
2644392
2636040
2644397
2644399
2644408
2644418
2644423
2644424
2644425
2644429
2636046
2644434
2644436
2636048
2636049
2636058
2636070
2636076
2644443
2644447
2636085
2636086
2636094
2636110
2636118
2636124
2644448
2644453
2644458
2636126
2636130
2636134
2636138
2644460
2644463
2636140
2644470
2644474
2644476
2644478
2644483
2644491
2644497
2644509
2644514
2644529
2636145
2644531
2644532
2644536
2636158
2644537
2636165
2636167
2644549
2644553
2644555
2636168
2636169
2644562
2644563
2644566
2636170
2636173
2644574
2644580
2636175
2636181
2644587
2644595
2644598
2636185
2644599
2644612
2636197
2644619
2644623
2636204
2636205
2636209
2636212
2644637
2636216
2636220
2636221
2636226
2644644
2636227
2636229
2644648
2636238
2636239
2636255
2644649
2636258
2644650
2636261
2636263
2644654
2644658
2636265
2636267
2644661
2644677
2644694
2636268
2644713
2636292
2644717
2636296
2636300
2636301
2644719
2644736
2636305
2644744
2644747
2644753
2644758
2636311
2636318
2636324
2636327
2636344
2636363
2636375
2644762
2636377
2644765
2644772
2644778
2644795
2644804
2644806
2644809
2644811
2644825
2636378
2644826
2636379
2636380
2644828
2644833
2636381
2644847
2644853
2636382
2644858
2644864
2644871
2636392
2644873
2644881
2636395
2644887
2644888
2644894
2644895
2644901
2644906
2644916
2644923
2644927
2644932
2644940
2636398
2636404
2636407
2636423
2636424
2636429
2644945
2644951
2644960
2636430
2636456
2636470
2636472
2644964
2644973
2644975
2644995
2644996
2645001
2645005
2645006
2645009
2645011
2645013
2645027
2645030
2636478
2636479
2645035
2645058
2645059
2645064
2636480
2636483
2645091
2645096
2636487
2645097
2636490
2636494
2645100
2645115
2645116
2636500
2636504
2636505
2636508
2636511
2645123
2636512
2645124
2636528
2645132
2645135
2636534
2636537
2645139
2645143
2645144
2636538
2645145
2636539
2645151
2636576
2645160
2636581
2636592
2645167
2645170
2645175
2636593
2636597
2636603
2645176
2645179
2645183
2645185
2645189
2636616
2636621
2645200
2636628
2636630
2636632
2645201
2645206
2645208
2645214
2645215
2636635
2636650
2645222
2636652
2645226
2645230
2645231
2645250
2645252
2645258
2645259
2645265
2636654
2636658
2636660
2636662
2645269
2636664
2645276
2645278
2645284
2645291
2645294
2645299
2645300
2645305
2645313
2636678
2645315
2645320
2645322
2645325
2636687
2636688
2645337
2636707
2636710
2645341
2645345
2636711
2636735
2636745
2645352
2636749
2636750
2636755
2636761
2645358
2636766
2645367
2645369
2645372
2645374
2645375
2645385
2645386
2645390
2645391
2645392
2645396
2645397
2636781
2636785
2636786
2645398
2636787
2636791
2636803
2636806
2636810
2645399
2645412
2645418
2636813
2636814
2636820
2645425
2645430
2636825
2636836
2636846
2636852
2636862
2636867
2636868
2645431
2636869
2636870
2645434
2636875
2645436
2636883
2645440
2636890
2636891
2636895
2645446
2636900
2636918
2636924
2645447
2636927
2636930
2636931
2645451
2636940
2645455
2636950
2645456
2645462
2636958
2645464
2636959
2645469
2645471
2636960
2636982
2645476
2645486
2645491
2645498
2645530
2645535
2645536
2645539
2645555
2645566
2645569
2645574
2645575
2645579
2645580
2645581
2645587
2645591
2645594
2645599
2645603
2645606
2645607
2645610
2645612
2645613
2645614
2645615
2645616
2645621
2645639
2645652
2645666
2645671
2645673
2645676
2645679
2645680
2645684
2645685
2645692
2645695
2645698
2645712
2645714
2645730
2645732
2645734
2645742
2645747
2645750
2645752
2645761
2645781
2645789
2645793
2645795
2645801
2645805
2645812
2645828
2645842
2645850
2645855
2645867
2645868
2645882
2645887
2645901
2645917
2645919
2645921
2645928
2645931
2645932
2645944
2645958
2645967
2645972
2645974
2645977
2645984
2645991
2645996
2645999
2646000
2646006
2646016
2646022
2646027
2646028
2646029
2646037
2646050
2646058
2646060
2646063
2646075
2646101
2646103
2646104
2646106
2646107
2646108
2646113
2646114
2646115
2646117
2646118
2646120
2646124
2646126
2646127
2646129
2646131
2646133
2646137
2646139
2646140
2646143
2646149
2646159
2646160
2646166
2646167
2646179
2646192
2646201
2646207
2646211
2646212
2646218
2646219
2646222
2646230
2646233
2646234
2646235
2646238
2646240
2646245
2646249
2646268
2646270
2646274
2646277
2646281
2646294
2646295
2646311
2646313
2646314
2646315
2646316
2646329
2646332
2646337
2646342
2646343
2646346
2646347
2646359
2646360
2646363
2646374
2646385
2646390
2646403
2646409
2646421
2646422
2646433
2646439
2646441
2646442
2646449
2646451
2646456
2646461
2646462
2646468
2646469
2646471
2646472
2646481
2646483
2646501
2646503
2646504
2646508
2646512
2646515
2646518
2646523
2646527
2646535
2646545
2646549
2646550
2646557
2646574
2646578
2646580
2646582
2646583
2646586
2646591
2646594
2646608
2646617
2646620
2646622
2646623
2646626
2646630
2646634
2646635
2646637
2646641
2646648
2646650
2646653
2646657
2646659
2646660
2646663
2646671
2646679
2646684
2646687
2646692
2646703
2646704
2646707
2646712
2646714
2646728
2646730
2646731
2646742
2646753
2646754
2646762
2646763
2646766
2646769
2646772
2646773
2646777
2646784
2646788
2646789
2646796
2646797
2646808
2646820
2646824
2646826
2646830
2646838
2646842
2646853
2646854
2646860
2646867
2646869
2646873
2646875
2646877
2646878
2646890
2646891
2646892
2646899
2646900
2646911
2646913
2646917
2646922
2646934
2646937
2646938
2646939
2646947
2646949
2646952
2646957
2646961
2646968
2646978
2646994
2647004
2647005
2647008
2647011
2647018
2647022
2647026
2647033
2647034
2647036
2647041
2647047
2647048
2647052
2647053
2647066
2647076
2647078
2647095
2647098
2647104
2647106
2647114
2647117
2647124
2647128
2647136
2647140
2647141
2647147
2647151
2647153
2647156
2647159
2647161
2647162
2647165
2647169
2647176
2647182
2647190
2647195
2647196
2647197
2647198
2647199
2647201
2647214
2647228
2647236
2647237
2647243
2647248
2647258
2647259
2647267
2647273
2647279
2647280
2647287
2647294
2647297
2647298
2647302
2647316
2647320
2647322
2647324
2647325
2647328
2647334
2647345
2647351
2647364
2647365
2647372
2647387
2647389
2647391
2647393
2647395
2647396
2647400
2647403
2647406
2647416
2647418
2647439
2647442
2647444
2647477
2647490
2647491
2647497
2647510
2647520
2647523
2647532
2647533
2647538
2647541
2647547
2647548
2647555
2647559
2647563
2647569
2647572
2647577
2647587
2647588
2647595
2647600
2647616
2647617
2647622
2647626
2647638
2647641
2647646
2647648
2647649
2647651
2647654
2647661
2647665
2647670
2647671
2647673
2647690
2647711
2647713
2647732
2647735
2647738
2647746
2647756
2647757
2647764
2647769
2647781
2647783
2647784
2647785
2647786
2647809
2647816
2647817
2647839
2647840
2647849
2647853
2647856
2647858
2647871
2647875
2647876
2647882
2647885
2647888
2647898
2647907
2647908
2647914
2647915
2647919
2647929
2647934
2647938
2647941
2647960
2647965
2647969
2647971
2647972
2647976
2647986
2647989
2647990
2648001
2648006
2648007
2648017
2648047
2648056
2648077
2648079
2648081
2648082
2648084
2648085
2648092
2648095
2648098
2648100
2648106
2648112
2648114
2648116
2648119
2648122
2648125
2648128
2648134
2648138
2648141
2648143
2648150
2648157
2648159
2648169
2648176
2648178
2648181
2648194
2648198
2648203
2648204
2648207
2648209
2648211
2648212
2648225
2648228
2648243
2648244
2648247
2648253
2648254
2648256
2648259
2648260
2648272
2648287
2648290
2648296
2648298
2648300
2648302
2648309
2648310
2648312
2648316
2648333
2648344
2648347
2648350
2648351
2648368
2648369
2648372
2648375
2648381
2648386
2648392
2648398
2648401
2648413
2648416
2648417
2648419
2648430
2648435
2648436
2648448
2648451
2648465
2648470
2648490
2648492
2648495
2648502
2648503
2648513
2648518
2648522
2648544
2648546
2648564
2648568
2648572
2648575
2648577
2648581
2648582
2648583
2648589
2648597
2648599
2648609
2648610
2648611
2648613
2648620
2648623
2648625
2648633
2648642
2648645
2648650
2648654
2648660
2648663
2648670
2648674
2648678
2648691
2648694
2648705
2648717
2648719
2648723
2648725
2648729
2648730
2648734
2648744
2648745
2648747
2648752
2648758
2648767
2648768
2648781
2648784
2648785
2648797
2648801
2648820
2648823
2648826
2648827
2648829
2648835
2648838
2648845
2648853
2648858
2648861
2648869
2648870
2648873
2648874
2648877
2648878
2648885
2648887
2648891
2648893
2648894
2648898
2648904
2648906
2648907
2648914
2648923
2648927
2648928
2648929
2648939
2648956
2648962
2648999
2649016
2649020
2649023
2649024
2649027
2649033
2649034
2649039
2649049
2649050
2649052
2649057
2649059
2649063
2649067
2649077
2649080
2649081
2649082
2649084
2649087
2649093
2649095
2649097
2649100
2649110
2649114
2649116
2649120
2649136
2649146
2649154
2649155
2649166
2649202
2649207
2649225
2649230
2649231
2649238
2649240
2649252
2649257
2649260
2649267
2649268
2649285
2649288
2649296
2649299
2649308
2649311
2649323
2649326
2649328
2649331
2649335
2649336
2649337
2649343
2649351
2649370
2649375
2649376
2649378
2649379
2649384
2649388
2649401
2649404
2649409
2649421
2649426

------------------------------------------------------------
Sender: LSF System <lsfadmin@n2d1-2>
Subject: Job 529710: <mpiexec -n 4 /share/jchen37/miniconda/bin/python2.7 deltaR.py run 26> Done

Job <mpiexec -n 4 /share/jchen37/miniconda/bin/python2.7 deltaR.py run 26> was submitted from host <login02.hpc.ncsu.edu> by user <jchen37> in cluster <henry2>.
Job was executed on host(s) <4*n2d1-2>, in queue <single_chassis>, as user <jchen37> in cluster <henry2>.
</home/jchen37> was used as the home directory.
</share/jchen37/netflix/calc_repu> was used as the working directory.
Started at Sun Nov 15 12:54:43 2015
Results reported at Sun Nov 15 12:54:51 2015

Your job looked like:

------------------------------------------------------------
# LSBATCH: User input
mpiexec -n 4 /share/jchen37/miniconda/bin/python2.7 deltaR.py run 26
------------------------------------------------------------

Successfully completed.

Resource usage summary:

    CPU time   :     21.84 sec.
    Max Memory :         3 MB
    Max Swap   :        35 MB

    Max Processes  :         1
    Max Threads    :         1

The output (if any) is above this job summary.



PS:

Read file <./err/26.err.529710> for stderr output of this job.

